,Rk,Player,Pos,G,MP,FG,FGA,FG%,3P,3PA,3P%,2P,2PA,2P%,eFG%,FT,FTA,FT%,ORB,DRB,TRB,AST,STL,BLK,TOV,PF,PTS,PER,TS%,3PAr,FTr,ORB%,DRB%,TRB%,AST%,STL%,BLK%,TOV%,USG%,OWS,DWS,WS,WS/48,OBPM,DBPM,BPM,VORP
4,3,Arron Afflalo,SG,74,1234,131,300,0.437,43,107,0.402,88,193,0.456,0.508,58,71,0.817,30,104,134,44,28,13,43,144,363,8.9,0.548,0.357,0.237,2.8,10.1,6.4,5.5,1.3,0.8,11.5,14.5,0.8,1.0,1.8,0.069,-2.8,0.2,-2.6,-0.2
8,7,LaMarcus Aldridge,PF,81,3004,601,1243,0.484,7,28,0.25,594,1215,0.489,0.486,261,334,0.781,234,371,605,157,77,77,121,207,1470,19.1,0.529,0.023,0.269,9.5,15.6,12.5,9.3,1.4,2.0,8.0,23.7,6.1,3.3,9.5,0.151,1.7,-0.4,1.3,2.5
11,10,Ray Allen*,SG,79,2876,499,1040,0.48,199,486,0.409,300,554,0.542,0.575,237,249,0.952,66,212,278,218,69,13,134,157,1434,17.3,0.624,0.467,0.239,2.9,8.6,5.9,12.6,1.3,0.4,10.4,20.8,7.4,3.7,11.1,0.186,3.7,0.3,4.0,4.3
14,13,Rafer Alston,PG,77,2447,316,820,0.385,112,331,0.338,204,489,0.417,0.454,156,208,0.75,33,194,227,406,108,10,140,135,900,13.8,0.494,0.404,0.254,1.6,8.8,5.3,27.0,2.3,0.3,13.3,19.9,1.7,3.7,5.3,0.104,-0.3,1.1,0.8,1.8
17,14,Lou Amundson,PF,76,1044,134,250,0.536,0,1,0.0,134,249,0.538,0.536,53,120,0.442,128,142,270,28,32,65,56,154,321,13.3,0.53,0.004,0.48,14.9,15.3,15.1,3.7,1.5,4.6,15.6,15.1,0.8,1.0,1.8,0.082,-2.2,-0.3,-2.5,-0.1
18,15,Chris Andersen,C,71,1460,160,292,0.548,2,10,0.2,158,282,0.56,0.551,130,181,0.718,163,279,442,31,41,175,69,174,452,18.1,0.608,0.034,0.62,13.4,21.6,17.6,3.2,1.4,9.3,15.7,13.4,2.5,2.8,5.4,0.176,-0.3,2.4,2.2,1.5
19,16,Ryan Anderson,PF,66,1312,160,407,0.393,69,189,0.365,91,218,0.417,0.478,98,116,0.845,104,207,311,52,44,20,63,157,487,13.6,0.532,0.464,0.285,9.3,19.0,14.1,6.4,1.8,1.2,12.1,18.6,1.3,1.2,2.5,0.09,-0.3,-0.9,-1.1,0.3
20,17,Carmelo Anthony,SF,66,2277,535,1207,0.443,63,170,0.371,472,1037,0.455,0.469,371,468,0.793,106,344,450,222,75,24,199,195,1504,19.0,0.532,0.141,0.388,5.6,17.0,11.5,18.1,1.7,0.8,12.3,31.5,2.4,2.6,5.0,0.105,1.5,-1.0,0.5,1.5
21,18,Joel Anthony,C,65,1048,57,118,0.483,0,0,,57,118,0.483,0.483,30,46,0.652,89,108,197,27,20,93,41,139,144,9.3,0.521,0.0,0.39,10.1,12.4,11.2,3.7,1.0,7.2,22.9,8.0,0.4,1.4,1.7,0.079,-4.5,1.8,-2.7,-0.2
23,20,Trevor Ariza,SF,82,1999,274,596,0.46,61,191,0.319,213,405,0.526,0.511,120,169,0.71,111,241,352,145,137,24,87,166,729,15.5,0.544,0.32,0.284,6.4,13.4,10.0,10.4,3.5,0.9,11.5,16.6,2.5,3.5,6.1,0.146,0.2,2.2,2.4,2.3
24,21,Hilton Armstrong,C,70,1092,138,246,0.561,0,2,0.0,138,244,0.566,0.561,62,98,0.633,81,114,195,29,26,45,80,181,338,10.7,0.585,0.008,0.398,9.0,12.6,10.8,4.4,1.3,3.5,21.7,16.3,0.2,1.3,1.5,0.068,-4.2,0.4,-3.8,-0.5
25,22,Darrell Arthur,PF,76,1464,191,436,0.438,0,2,0.0,191,434,0.44,0.438,40,60,0.667,108,238,346,43,52,52,47,206,422,11.3,0.456,0.005,0.138,8.9,20.3,14.5,5.0,1.9,2.9,9.2,16.3,-0.1,1.8,1.7,0.055,-3.5,0.1,-3.4,-0.5
29,24,D.J. Augustin,PG,72,1908,267,621,0.43,108,246,0.439,159,375,0.424,0.517,208,233,0.893,17,116,133,250,42,2,119,140,850,14.9,0.587,0.396,0.375,1.1,7.5,4.3,22.6,1.2,0.1,14.1,20.8,3.6,1.5,5.1,0.128,1.4,-0.5,0.9,1.4
30,25,Kelenna Azubuike,SF,74,2375,392,845,0.464,94,210,0.448,298,635,0.469,0.52,185,229,0.808,112,258,370,117,57,50,95,183,1063,14.7,0.562,0.249,0.271,5.1,11.8,8.5,7.6,1.2,1.5,9.1,18.7,3.6,0.5,4.1,0.083,1.0,-1.5,-0.5,0.9
35,28,Leandro Barbosa,SG,70,1705,366,759,0.482,90,240,0.375,276,519,0.532,0.542,171,194,0.881,34,147,181,162,82,7,93,115,993,19.4,0.588,0.316,0.256,2.4,9.7,6.2,14.9,2.4,0.3,9.9,24.2,4.0,1.0,5.0,0.141,2.4,-0.4,1.9,1.7
36,29,J.J. Barea,SG,79,1600,246,557,0.442,55,154,0.357,191,403,0.474,0.491,70,93,0.753,36,141,177,269,37,5,105,121,617,13.4,0.516,0.276,0.167,2.6,10.0,6.4,26.4,1.2,0.2,14.9,20.2,1.2,1.0,2.2,0.066,-0.4,-1.1,-1.5,0.2
37,30,Andrea Bargnani,PF,78,2453,431,958,0.45,119,291,0.409,312,667,0.468,0.512,221,266,0.831,70,346,416,94,34,97,135,242,1202,14.6,0.559,0.304,0.278,3.4,16.4,10.0,6.4,0.7,3.1,11.2,22.7,1.8,2.0,3.9,0.076,-0.1,-0.7,-0.8,0.7
38,31,Matt Barnes,PF,77,2082,285,674,0.423,117,341,0.343,168,333,0.505,0.51,101,136,0.743,79,342,421,212,52,26,130,209,788,12.6,0.537,0.506,0.202,4.6,18.5,11.8,14.2,1.2,0.9,15.0,18.3,1.6,1.4,3.0,0.069,0.2,-0.7,-0.4,0.8
40,33,Brandon Bass,C,81,1574,252,508,0.496,0,6,0.0,252,502,0.502,0.496,182,210,0.867,129,238,367,43,27,55,86,140,686,16.4,0.571,0.012,0.413,9.5,17.2,13.4,4.3,0.9,2.6,12.5,20.0,2.5,1.6,4.1,0.124,-0.7,-0.8,-1.5,0.2
42,35,Tony Battie,PF,77,1202,158,323,0.489,2,9,0.222,156,314,0.497,0.492,54,82,0.659,92,186,278,31,26,25,46,112,372,11.9,0.518,0.028,0.254,8.9,17.0,13.0,4.2,1.1,1.5,11.4,15.6,0.7,2.1,2.8,0.113,-2.3,0.7,-1.6,0.1
44,37,Nicolas Batum,SF,79,1454,161,361,0.446,62,168,0.369,99,193,0.513,0.532,42,52,0.808,84,136,220,74,50,40,50,139,426,12.9,0.555,0.465,0.144,7.0,11.8,9.4,7.8,1.9,2.2,11.5,14.0,2.1,1.6,3.7,0.123,0.4,1.0,1.4,1.2
46,39,Michael Beasley,PF,81,2009,452,957,0.472,33,81,0.407,419,876,0.478,0.49,186,241,0.772,110,329,439,83,41,37,121,184,1123,17.2,0.528,0.085,0.252,6.5,19.8,13.1,7.7,1.1,1.5,10.2,27.7,1.2,2.2,3.4,0.081,-0.2,-1.5,-1.7,0.1
48,41,Charlie Bell,SG,70,1783,217,524,0.414,87,240,0.363,130,284,0.458,0.497,66,80,0.825,32,102,134,151,50,7,76,138,587,9.8,0.525,0.458,0.153,2.0,7.1,4.4,13.3,1.5,0.3,12.0,16.0,0.9,1.2,2.2,0.059,-1.4,-0.3,-1.7,0.2
49,42,Raja Bell,SG,67,2315,299,684,0.437,114,271,0.421,185,413,0.448,0.52,87,102,0.853,41,202,243,142,50,8,86,166,799,10.7,0.548,0.396,0.149,2.2,10.5,6.4,10.1,1.1,0.3,10.6,16.3,2.0,1.6,3.6,0.074,-0.9,-0.4,-1.3,0.4
52,43,Mike Bibby,PG,79,2740,437,1005,0.435,167,428,0.39,270,577,0.468,0.518,135,171,0.789,38,240,278,392,98,11,128,145,1176,16.3,0.544,0.426,0.17,1.6,10.3,6.0,24.2,1.9,0.3,10.6,20.6,4.4,2.5,6.9,0.121,2.0,0.0,2.0,2.8
54,45,Chauncey Billups*,PG,79,2789,410,980,0.418,162,397,0.408,248,583,0.425,0.501,418,458,0.913,32,207,239,506,93,18,177,161,1400,18.8,0.592,0.405,0.467,1.4,8.4,5.0,28.9,1.7,0.5,13.0,21.7,7.9,2.2,10.1,0.174,3.8,-0.5,3.4,3.8
56,45,Chauncey Billups*,PG,77,2719,403,959,0.42,160,390,0.41,243,569,0.427,0.504,409,448,0.913,31,198,229,491,90,17,173,158,1375,18.8,0.595,0.407,0.467,1.4,8.2,4.9,28.8,1.7,0.5,13.0,21.8,7.8,2.1,9.9,0.176,3.9,-0.5,3.4,3.7
57,46,Steve Blake,PG,69,2188,277,647,0.428,140,328,0.427,137,319,0.429,0.536,63,75,0.84,28,145,173,348,69,4,108,126,757,14.4,0.557,0.507,0.116,1.6,8.4,4.9,25.1,1.7,0.1,13.7,17.0,4.1,1.7,5.8,0.128,1.7,-0.2,1.5,1.9
58,47,Andray Blatche,C,71,1703,297,630,0.471,5,21,0.238,292,609,0.479,0.475,114,162,0.704,126,252,378,118,53,74,117,211,713,15.0,0.508,0.033,0.257,8.5,17.9,13.0,11.8,1.6,3.5,14.3,21.9,0.2,1.2,1.4,0.039,-1.8,-0.3,-2.0,0.0
60,49,Keith Bogans,SG,65,1272,119,324,0.367,74,218,0.339,45,106,0.425,0.481,52,57,0.912,31,171,202,64,43,4,41,105,364,9.7,0.521,0.673,0.176,2.8,15.6,9.1,7.7,1.8,0.2,10.5,14.0,0.7,1.9,2.5,0.096,-1.4,1.0,-0.4,0.5
64,51,Matt Bonner,PF,81,1928,266,536,0.496,118,268,0.44,148,268,0.552,0.606,17,23,0.739,97,289,386,82,47,26,37,190,667,15.0,0.611,0.5,0.043,6.1,17.6,11.9,6.8,1.3,1.0,6.3,14.6,3.8,3.0,6.8,0.169,1.1,1.0,2.1,2.0
70,55,Chris Bosh*,C,77,2928,615,1263,0.487,12,49,0.245,603,1214,0.497,0.492,504,617,0.817,215,556,771,191,67,77,174,189,1746,22.1,0.569,0.039,0.489,8.7,22.1,15.5,11.6,1.2,2.0,10.2,26.9,6.6,3.1,9.7,0.159,3.0,-0.4,2.7,3.5
71,56,Bruce Bowen,SF,80,1506,79,187,0.422,42,98,0.429,37,89,0.416,0.535,14,26,0.538,16,129,145,40,36,13,25,123,214,5.4,0.539,0.524,0.139,1.3,10.1,5.7,3.7,1.3,0.6,11.2,7.2,0.3,1.9,2.2,0.07,-4.0,1.7,-2.3,-0.1
75,60,Ronnie Brewer,SF,81,2605,421,828,0.508,22,85,0.259,399,743,0.537,0.522,247,352,0.702,101,199,300,179,138,30,110,128,1111,16.1,0.565,0.103,0.425,4.6,9.1,6.9,10.9,2.7,0.9,10.1,18.8,3.9,2.9,6.8,0.126,0.5,1.0,1.5,2.3
76,61,Aaron Brooks,PG,80,1998,316,783,0.404,113,309,0.366,203,474,0.428,0.476,149,172,0.866,33,124,157,238,46,8,125,152,894,12.9,0.521,0.395,0.22,2.0,7.0,4.6,20.2,1.2,0.3,12.7,22.9,1.4,2.2,3.6,0.086,-0.3,-0.6,-0.9,0.6
78,63,Bobby Brown,SG-PG,68,931,141,360,0.392,45,130,0.346,96,230,0.417,0.454,34,43,0.791,14,38,52,117,21,3,63,95,361,8.9,0.476,0.361,0.119,1.7,4.8,3.3,20.9,1.2,0.2,14.3,21.3,-0.5,-0.1,-0.6,-0.029,-2.2,-2.8,-5.0,-0.7
89,68,Kobe Bryant*,SG,82,2960,800,1712,0.467,118,336,0.351,682,1376,0.496,0.502,483,564,0.856,90,339,429,399,120,37,210,189,2201,24.4,0.561,0.196,0.329,3.5,12.8,8.2,23.8,2.1,1.0,9.7,32.2,8.6,4.0,12.7,0.206,5.6,0.3,5.9,5.9
91,70,Caron Butler,SG,67,2585,491,1085,0.453,65,210,0.31,426,875,0.487,0.482,345,402,0.858,118,296,414,290,106,20,210,165,1392,18.8,0.552,0.194,0.371,5.2,13.8,9.4,19.7,2.2,0.6,14.3,25.9,3.4,1.1,4.5,0.083,2.0,-1.1,0.9,1.9
92,71,Rasual Butler,SF,82,2614,348,803,0.433,140,359,0.39,208,444,0.468,0.521,86,110,0.782,49,222,271,75,51,61,59,159,922,11.8,0.541,0.447,0.137,2.3,10.2,6.3,4.8,1.1,2.0,6.5,16.8,2.2,2.4,4.6,0.084,0.0,-0.5,-0.5,1.0
95,74,José Calderón,PG,68,2333,320,644,0.497,82,202,0.406,238,442,0.538,0.561,151,154,0.981,16,178,194,607,74,7,143,114,873,18.8,0.613,0.314,0.239,0.8,8.9,4.9,41.0,1.7,0.2,16.7,16.9,6.2,1.3,7.5,0.154,3.2,-0.4,2.8,2.8
98,77,Rodney Carney,SG,67,1199,176,423,0.416,79,226,0.35,97,197,0.492,0.509,50,66,0.758,36,90,126,26,45,29,43,94,481,12.1,0.532,0.534,0.156,3.4,9.1,6.1,3.6,2.0,1.9,8.7,18.6,0.7,0.8,1.5,0.059,-0.4,-0.4,-0.8,0.3
102,79,Anthony Carter,PG,78,1787,167,386,0.433,21,88,0.239,146,298,0.49,0.46,57,78,0.731,40,165,205,364,96,13,155,142,412,10.8,0.49,0.228,0.202,2.7,10.4,6.7,29.9,2.7,0.6,26.9,14.3,-0.3,2.1,1.8,0.047,-2.0,0.8,-1.3,0.3
103,80,Vince Carter*,SG,80,2946,588,1345,0.437,151,392,0.385,437,953,0.459,0.493,335,410,0.817,74,336,410,376,82,38,166,234,1662,19.3,0.545,0.291,0.305,3.0,13.8,8.3,23.7,1.5,1.1,9.8,26.8,5.7,1.8,7.5,0.123,3.3,-0.8,2.4,3.3
104,81,Mario Chalmers,PG,82,2626,278,662,0.42,114,311,0.367,164,351,0.467,0.506,148,193,0.767,37,191,228,403,160,8,165,240,818,13.3,0.548,0.47,0.292,1.7,8.8,5.2,23.5,3.3,0.2,18.1,16.3,2.1,3.1,5.2,0.095,-1.4,1.1,-0.4,1.0
106,83,Wilson Chandler,SF,82,2735,455,1054,0.432,103,314,0.328,352,740,0.476,0.481,171,215,0.795,91,354,445,170,71,75,139,250,1184,12.9,0.515,0.298,0.204,3.5,14.7,8.9,9.9,1.3,2.0,10.8,20.5,1.0,2.1,3.1,0.054,-1.0,0.0,-1.0,0.7
113,88,Nick Collison,C,71,1831,243,428,0.568,0,2,0.0,243,426,0.57,0.568,98,136,0.721,181,308,489,66,51,50,73,239,584,14.8,0.599,0.005,0.318,11.2,19.7,15.4,5.8,1.4,2.0,13.0,13.5,3.0,2.0,5.0,0.13,-1.5,0.3,-1.2,0.4
114,89,Mike Conley,PG,82,2508,323,730,0.442,88,217,0.406,235,513,0.458,0.503,161,197,0.817,25,251,276,354,90,8,143,146,895,14.3,0.548,0.297,0.27,1.2,12.5,6.8,23.7,1.9,0.3,14.9,17.9,2.7,1.9,4.5,0.086,0.0,-0.3,-0.3,1.1
118,91,Daequan Cook,SF,75,1833,242,645,0.375,153,395,0.387,89,250,0.356,0.494,49,56,0.875,19,170,189,71,39,10,42,125,686,10.3,0.512,0.612,0.087,1.2,11.2,6.2,6.2,1.1,0.4,5.9,18.2,0.9,1.3,2.2,0.056,-0.8,-1.4,-2.1,0.0
119,92,Jamal Crawford,PG-SG,65,2479,419,1022,0.41,142,394,0.36,277,628,0.441,0.479,300,344,0.872,23,170,193,288,57,13,148,92,1280,15.1,0.545,0.386,0.337,1.0,7.5,4.2,18.1,1.1,0.4,11.2,22.8,3.3,0.0,3.3,0.065,1.3,-2.6,-1.3,0.5
130,97,Samuel Dalembert,C,82,2036,216,434,0.498,0,2,0.0,216,432,0.5,0.498,91,124,0.734,214,487,701,18,33,146,117,248,523,13.2,0.535,0.005,0.286,12.5,28.9,20.6,1.4,0.9,5.8,19.3,13.6,0.5,3.5,4.0,0.095,-2.9,0.8,-2.1,0.0
131,98,Erick Dampier,C,80,1836,182,280,0.65,0,0,,182,280,0.65,0.65,90,141,0.638,216,349,565,77,24,95,74,191,454,15.7,0.664,0.0,0.504,13.6,21.6,17.7,6.1,0.7,3.8,17.8,10.4,3.9,2.3,6.1,0.161,0.0,0.6,0.6,1.2
132,99,Antonio Daniels,PG,74,1021,99,236,0.419,22,60,0.367,77,176,0.438,0.466,80,100,0.8,5,72,77,177,26,1,62,55,300,12.1,0.536,0.254,0.424,0.6,8.5,4.5,26.9,1.4,0.1,18.1,15.9,0.9,0.6,1.5,0.068,-1.3,-1.4,-2.6,-0.2
137,102,Baron Davis,PG,65,2248,355,959,0.37,99,328,0.302,256,631,0.406,0.422,159,210,0.757,46,192,238,501,108,35,193,193,968,14.5,0.46,0.342,0.219,2.3,10.2,6.1,38.1,2.5,1.2,15.5,25.2,-0.9,1.5,0.6,0.013,0.0,-0.8,-0.8,0.7
138,103,Glen Davis,C,76,1637,199,450,0.442,2,5,0.4,197,445,0.443,0.444,130,178,0.73,121,180,301,69,53,19,71,230,530,10.7,0.502,0.011,0.396,9.4,12.8,11.2,6.5,1.7,0.9,11.8,17.1,1.0,2.7,3.7,0.108,-2.9,0.7,-2.2,0.0
142,107,Boris Diaw,PF,81,2754,448,884,0.507,75,181,0.414,373,703,0.531,0.549,101,147,0.687,118,314,432,333,61,53,215,202,1072,14.4,0.565,0.205,0.166,5.3,13.8,9.6,21.2,1.2,1.6,18.5,19.7,1.9,2.8,4.7,0.082,0.8,0.3,1.2,2.2
150,111,DeSagana Diop,C,75,1036,74,171,0.433,0,0,,74,171,0.433,0.433,22,66,0.333,114,159,273,32,29,56,39,128,170,9.7,0.425,0.0,0.386,13.3,18.2,15.8,4.6,1.5,4.3,16.3,10.8,-0.2,1.6,1.4,0.065,-3.6,0.8,-2.8,-0.2
154,113,Keyon Dooling,PG,77,2074,261,598,0.436,99,235,0.421,162,363,0.446,0.519,127,154,0.825,24,131,155,270,71,8,105,135,748,13.6,0.562,0.393,0.258,1.4,7.6,4.5,21.3,1.8,0.3,13.6,17.4,2.8,0.9,3.7,0.085,0.2,-0.7,-0.5,0.7
161,118,Jared Dudley,SF,68,1155,136,285,0.477,29,74,0.392,107,211,0.507,0.528,71,105,0.676,82,123,205,56,57,8,43,105,372,13.5,0.562,0.26,0.368,8.7,12.3,10.5,7.1,2.5,0.5,11.5,14.6,1.6,1.1,2.7,0.114,-0.1,0.3,0.2,0.7
164,119,Chris Duhon,PG,79,2906,287,681,0.421,127,325,0.391,160,356,0.449,0.515,179,209,0.856,45,201,246,566,72,7,221,126,880,12.2,0.569,0.477,0.307,1.6,7.8,4.6,27.9,1.2,0.2,22.2,14.9,3.1,1.0,4.2,0.069,-0.2,-1.4,-1.5,0.3
165,120,Tim Duncan*,C,75,2524,558,1107,0.504,0,2,0.0,558,1105,0.505,0.504,334,483,0.692,201,599,800,264,38,126,165,173,1450,24.4,0.549,0.002,0.436,9.6,27.9,18.9,19.3,0.8,3.7,11.1,28.5,5.0,5.0,10.1,0.191,3.4,2.0,5.4,4.7
167,122,Kevin Durant,SF,74,2885,661,1390,0.476,97,230,0.422,564,1160,0.486,0.51,452,524,0.863,77,405,482,205,96,53,225,134,1871,20.8,0.577,0.165,0.377,3.0,16.4,9.6,13.5,1.7,1.4,12.2,28.3,5.2,2.7,7.9,0.132,3.4,-0.1,3.3,3.8
171,126,Maurice Evans,SF,80,1840,208,482,0.432,98,248,0.395,110,234,0.47,0.533,60,73,0.822,88,155,243,54,50,10,43,163,574,11.1,0.558,0.515,0.151,5.6,9.9,7.7,4.6,1.5,0.4,7.7,14.2,2.3,1.5,3.8,0.099,-0.4,-0.4,-0.8,0.6
172,127,Reggie Evans,PF,79,1137,79,178,0.444,0,1,0.0,79,177,0.446,0.444,104,175,0.594,135,226,361,26,41,8,69,161,262,10.4,0.514,0.006,0.983,14.1,24.0,19.0,3.3,1.9,0.6,21.3,13.0,0.3,1.6,1.9,0.079,-3.5,-0.6,-4.2,-0.6
173,128,Jordan Farmar,PG,65,1192,161,412,0.391,49,146,0.336,112,266,0.421,0.45,45,77,0.584,22,95,117,155,57,10,87,105,416,9.9,0.466,0.354,0.187,2.1,8.9,5.5,18.6,2.4,0.6,16.3,19.6,-0.7,1.5,0.8,0.034,-2.8,0.2,-2.6,-0.2
175,130,Raymond Felton,PG,82,3086,442,1083,0.408,59,207,0.285,383,876,0.437,0.435,219,272,0.805,54,256,310,553,126,30,228,191,1162,13.7,0.483,0.191,0.251,2.2,10.2,6.2,31.1,2.2,0.8,15.9,21.9,0.6,3.7,4.3,0.066,-0.6,0.4,-0.1,1.4
176,131,Rudy Fernández,SG,78,1993,268,630,0.425,159,398,0.399,109,232,0.47,0.552,120,143,0.839,47,160,207,159,69,12,86,111,815,15.5,0.588,0.632,0.227,2.9,10.1,6.4,12.7,1.9,0.5,11.0,18.4,4.3,1.8,6.1,0.147,2.6,0.4,3.0,2.5
178,133,Michael Finley,SF,81,2336,301,689,0.437,131,319,0.411,170,370,0.459,0.532,51,62,0.823,26,244,270,114,37,17,61,82,784,11.4,0.547,0.463,0.09,1.3,12.3,6.9,7.7,0.9,0.5,7.8,16.1,1.6,2.8,4.4,0.091,-0.4,0.0,-0.4,1.0
179,134,Derek Fisher,PG,82,2441,292,688,0.424,120,302,0.397,172,386,0.446,0.512,110,130,0.846,25,163,188,261,95,6,72,187,814,12.1,0.546,0.439,0.189,1.2,7.4,4.4,14.9,2.0,0.2,8.8,14.7,3.6,2.7,6.3,0.123,-0.5,0.7,0.2,1.3
180,135,T.J. Ford,PG,74,2258,413,913,0.452,35,104,0.337,378,809,0.467,0.472,245,281,0.872,59,200,259,392,89,16,180,180,1106,16.6,0.533,0.114,0.308,2.9,9.8,6.3,27.6,2.0,0.5,14.8,23.5,2.6,1.7,4.3,0.092,0.5,-0.3,0.3,1.3
181,136,Jeff Foster,C,74,1828,177,353,0.501,2,7,0.286,175,346,0.506,0.504,96,146,0.658,215,293,508,130,53,49,88,229,452,13.0,0.542,0.02,0.414,12.8,17.8,15.3,9.9,1.4,2.0,17.4,12.0,2.3,1.9,4.2,0.111,-1.2,0.6,-0.6,0.7
182,137,Randy Foye,SG,70,2494,399,981,0.407,111,308,0.36,288,673,0.428,0.463,230,272,0.846,34,180,214,303,72,26,150,201,1139,13.7,0.517,0.314,0.277,1.5,8.8,5.0,20.5,1.5,0.8,12.0,22.6,2.0,1.1,3.1,0.059,0.1,-0.9,-0.8,0.8
187,140,Dan Gadzuric,C,67,941,117,244,0.48,0,2,0.0,117,242,0.483,0.48,37,68,0.544,95,160,255,39,32,43,41,162,271,12.2,0.495,0.008,0.279,11.4,21.0,16.0,6.5,1.8,3.8,13.0,15.0,0.4,1.4,1.8,0.094,-3.2,0.7,-2.5,-0.1
189,142,Francisco García,SF,65,1975,295,665,0.444,88,221,0.398,207,444,0.466,0.51,146,178,0.82,56,162,218,150,80,67,112,196,824,14.1,0.554,0.332,0.268,3.3,9.6,6.4,12.6,2.1,2.5,13.1,19.4,1.7,0.7,2.4,0.058,0.1,-0.5,-0.3,0.8
192,145,Marc Gasol,C,82,2521,350,661,0.53,0,1,0.0,350,660,0.53,0.53,275,375,0.733,201,404,605,143,63,90,164,265,975,16.7,0.59,0.002,0.567,9.6,20.0,14.7,9.7,1.3,2.9,16.6,18.3,3.7,2.7,6.4,0.121,-0.3,0.2,-0.1,1.2
193,146,Pau Gasol*,C,81,2999,592,1045,0.567,1,2,0.5,591,1043,0.567,0.567,343,439,0.781,262,518,780,284,52,81,157,172,1528,22.2,0.617,0.002,0.42,10.0,19.3,14.7,14.8,0.9,2.1,11.3,20.4,9.8,4.2,13.9,0.223,4.0,0.5,4.5,5.0
194,147,Rudy Gay,SF,79,2945,572,1262,0.453,85,242,0.351,487,1020,0.477,0.487,264,344,0.767,109,328,437,135,98,59,203,221,1493,15.3,0.528,0.192,0.273,4.5,13.9,9.1,8.7,1.8,1.6,12.6,25.6,0.7,2.6,3.3,0.054,0.0,-1.1,-1.1,0.7
196,149,Daniel Gibson,PG,75,1795,206,527,0.391,108,283,0.382,98,244,0.402,0.493,66,86,0.767,31,124,155,132,44,16,61,163,586,10.1,0.519,0.537,0.163,2.1,7.9,5.1,11.3,1.3,0.7,9.7,16.5,1.5,2.3,3.8,0.101,-1.4,0.3,-1.0,0.4
200,153,Ryan Gomes,SF,82,2614,420,974,0.431,106,285,0.372,314,689,0.456,0.486,146,181,0.807,106,286,392,135,63,22,128,183,1092,12.5,0.518,0.293,0.186,4.6,13.3,8.8,8.7,1.3,0.6,10.8,20.4,1.3,1.3,2.5,0.046,-0.5,-1.2,-1.7,0.2
205,155,Ben Gordon,SG,82,2999,598,1315,0.455,173,422,0.41,425,893,0.476,0.521,330,382,0.864,52,231,283,279,71,22,200,184,1699,17.0,0.573,0.321,0.29,2.0,8.8,5.4,15.9,1.2,0.5,11.9,25.0,5.2,1.7,6.9,0.11,2.4,-1.3,1.1,2.3
206,156,Eric Gordon,SG,78,2677,411,901,0.456,131,337,0.389,280,564,0.496,0.529,299,350,0.854,45,156,201,215,78,35,164,172,1252,14.9,0.593,0.374,0.388,1.9,6.9,4.3,13.6,1.5,1.0,13.5,20.7,3.9,0.7,4.6,0.082,0.6,-1.0,-0.4,1.0
208,158,Joey Graham,SF,78,1541,231,480,0.481,3,16,0.188,228,464,0.491,0.484,132,160,0.825,95,197,292,48,35,12,74,191,597,11.9,0.542,0.033,0.333,7.3,14.9,11.1,5.0,1.2,0.6,11.9,18.7,1.1,1.1,2.2,0.068,-2.6,-0.9,-3.5,-0.6
210,160,Danny Granger,SF,67,2424,571,1277,0.447,182,450,0.404,389,827,0.47,0.518,404,460,0.878,49,292,341,183,69,97,165,207,1728,21.8,0.584,0.352,0.36,2.2,13.4,7.7,13.1,1.4,3.0,10.0,29.6,5.6,2.4,8.0,0.158,4.9,-0.1,4.8,4.2
213,163,Jeff Green,PF,78,2873,476,1068,0.446,96,247,0.389,380,821,0.463,0.491,242,307,0.788,120,399,519,155,81,33,173,202,1290,13.9,0.536,0.231,0.287,4.7,16.3,10.4,9.1,1.4,0.8,12.6,21.2,1.8,2.4,4.2,0.07,-0.6,-0.6,-1.2,0.6
214,164,Willie Green,SG,81,1828,286,658,0.435,51,161,0.317,235,497,0.473,0.473,62,85,0.729,29,97,126,158,53,13,64,154,685,11.1,0.493,0.245,0.129,1.9,6.4,4.1,14.4,1.5,0.6,8.4,18.9,1.1,1.2,2.3,0.06,-1.7,-0.4,-2.1,0.0
218,168,Richard Hamilton,SG,67,2279,466,1043,0.447,70,190,0.368,396,853,0.464,0.48,223,263,0.848,44,163,207,297,40,4,133,176,1225,16.9,0.529,0.182,0.252,2.3,8.6,5.4,23.9,1.0,0.1,10.3,27.0,3.1,1.4,4.5,0.095,1.5,-1.3,0.1,1.2
220,170,Al Harrington,PF,73,2546,532,1212,0.439,171,470,0.364,361,742,0.487,0.509,234,295,0.793,99,356,455,102,88,22,161,227,1469,15.9,0.547,0.388,0.243,4.1,15.8,9.8,6.8,1.7,0.6,10.7,25.7,1.9,2.0,3.9,0.073,0.7,-0.9,-0.2,1.2
222,170,Al Harrington,PF,68,2380,509,1142,0.446,160,442,0.362,349,700,0.499,0.516,229,285,0.804,89,338,427,92,81,22,154,213,1407,16.4,0.555,0.387,0.25,4.0,16.1,9.8,6.6,1.7,0.7,10.8,26.0,2.1,1.9,4.0,0.08,0.9,-0.9,0.0,1.2
223,171,Devin Harris,PG,69,2494,455,1039,0.438,64,220,0.291,391,819,0.477,0.469,496,605,0.82,30,201,231,476,114,13,212,164,1470,21.6,0.563,0.212,0.582,1.4,9.7,5.5,34.4,2.4,0.4,14.0,28.4,5.9,1.7,7.5,0.145,3.3,-0.5,2.8,3.0
227,173,Udonis Haslem,PF,75,2560,333,643,0.518,0,0,,333,643,0.518,0.518,128,170,0.753,169,449,618,85,43,25,82,204,794,13.1,0.553,0.0,0.264,7.8,21.2,14.4,5.3,0.9,0.8,10.3,14.7,3.0,2.6,5.7,0.106,-1.4,-0.9,-2.3,-0.2
229,175,Spencer Hawes,C,77,2259,373,800,0.466,40,115,0.348,333,685,0.486,0.491,90,136,0.662,148,401,549,149,44,93,160,249,876,13.0,0.509,0.144,0.17,7.6,20.9,14.2,11.3,1.0,3.1,15.7,20.2,-0.4,1.2,0.8,0.016,-1.9,-1.1,-3.0,-0.6
230,176,Chuck Hayes,C,71,858,42,113,0.372,0,4,0.0,42,109,0.385,0.372,7,19,0.368,74,176,250,42,34,19,25,134,91,7.8,0.375,0.035,0.168,10.5,23.0,17.0,7.0,2.1,1.6,17.1,7.9,-0.1,1.7,1.6,0.092,-4.1,2.6,-1.5,0.1
231,177,Jarvis Hayes,SF,74,1832,257,577,0.445,94,244,0.385,163,333,0.489,0.527,36,52,0.692,27,240,267,54,52,7,49,162,644,10.8,0.537,0.423,0.09,1.7,15.8,8.7,4.9,1.5,0.3,7.6,16.6,1.0,1.2,2.1,0.055,-1.4,-0.8,-2.2,-0.1
237,181,Roy Hibbert,C,70,1009,198,420,0.471,0,0,,198,420,0.471,0.471,98,147,0.667,115,128,243,49,20,76,55,215,494,16.1,0.51,0.0,0.35,12.4,14.1,13.3,7.9,1.0,5.6,10.2,23.3,1.0,1.2,2.1,0.102,-3.1,0.1,-3.0,-0.3
239,183,Nenê,C,77,2510,428,709,0.604,1,5,0.2,427,704,0.607,0.604,266,368,0.723,183,415,598,108,95,101,147,278,1123,18.8,0.645,0.007,0.519,8.7,18.7,13.8,7.1,1.9,3.1,14.4,18.1,5.6,3.7,9.3,0.177,0.9,1.1,2.0,2.6
240,184,George Hill,PG,77,1270,150,372,0.403,24,73,0.329,126,299,0.421,0.435,114,146,0.781,30,128,158,136,45,21,74,150,438,11.6,0.502,0.196,0.392,2.9,11.9,7.4,16.6,1.9,1.2,14.5,19.5,0.2,2.0,2.1,0.08,-3.3,1.6,-1.8,0.1
241,185,Grant Hill*,SF,82,2445,390,745,0.523,24,76,0.316,366,669,0.547,0.54,181,224,0.808,64,341,405,186,90,54,126,182,985,15.2,0.584,0.102,0.301,3.2,15.7,9.7,11.0,1.8,1.6,13.0,17.5,3.5,1.9,5.3,0.104,0.4,0.4,0.8,1.7
247,189,Al Horford,C,67,2242,312,594,0.525,0,1,0.0,312,593,0.526,0.525,149,205,0.727,145,479,624,163,53,95,103,190,773,17.0,0.565,0.002,0.345,7.6,25.0,16.3,11.9,1.3,3.3,13.1,16.4,3.3,3.5,6.8,0.145,0.2,1.5,1.7,2.1
248,190,Eddie House,PG,81,1479,249,560,0.445,151,340,0.444,98,220,0.445,0.579,42,53,0.792,11,146,157,92,61,7,55,113,691,15.4,0.592,0.607,0.095,0.9,11.5,6.5,10.3,2.2,0.4,8.6,20.1,2.5,2.4,4.9,0.158,2.3,1.2,3.5,2.0
249,191,Dwight Howard,C,79,2821,560,979,0.572,0,2,0.0,560,977,0.573,0.572,504,849,0.594,336,757,1093,112,77,231,240,270,1624,25.4,0.6,0.002,0.867,13.8,29.5,21.8,7.3,1.4,5.9,15.1,26.1,6.2,7.6,13.8,0.234,2.1,2.4,4.5,4.7
260,198,Andre Iguodala,SF,82,3269,542,1147,0.473,80,261,0.307,462,886,0.521,0.507,377,521,0.724,92,379,471,434,131,36,222,152,1541,18.4,0.56,0.228,0.454,3.3,14.0,8.6,22.4,2.1,0.9,13.9,22.3,5.6,3.5,9.2,0.134,2.6,0.6,3.2,4.3
261,199,Zydrunas Ilgauskas,C,65,1765,342,724,0.472,15,39,0.385,327,685,0.477,0.483,139,174,0.799,157,333,490,64,28,84,90,183,838,18.0,0.523,0.054,0.24,11.0,21.6,16.5,6.4,0.9,3.8,10.1,23.8,2.1,3.5,5.6,0.151,-0.4,0.1,-0.3,0.8
266,202,Royal Ivey,SG,71,861,69,208,0.332,39,114,0.342,30,94,0.319,0.425,34,43,0.791,19,57,76,43,36,7,23,76,211,7.6,0.465,0.548,0.207,2.6,8.0,5.3,7.4,2.2,0.7,9.2,13.2,0.2,0.8,0.9,0.052,-2.8,0.6,-2.2,0.0
267,203,Jarrett Jack,SG,82,2716,386,853,0.453,78,221,0.353,308,632,0.487,0.498,224,263,0.852,44,232,276,338,88,17,184,179,1074,13.1,0.554,0.259,0.308,1.8,9.5,5.6,18.6,1.6,0.5,16.0,18.5,2.3,1.8,4.1,0.073,-1.0,-0.5,-1.4,0.4
268,204,Bobby Jackson,PG,71,1484,193,485,0.398,60,197,0.305,133,288,0.462,0.46,86,101,0.851,42,158,200,143,62,4,66,100,532,12.4,0.502,0.406,0.208,3.3,12.5,7.9,15.5,2.1,0.2,11.1,18.0,0.8,0.4,1.2,0.038,-0.9,-0.9,-1.8,0.1
272,208,LeBron James,SF,81,3054,789,1613,0.489,132,384,0.344,657,1229,0.535,0.53,594,762,0.78,106,507,613,587,137,93,241,139,2304,31.7,0.591,0.238,0.472,4.3,19.0,11.9,38.0,2.4,2.4,11.0,33.8,13.7,6.5,20.3,0.318,9.5,3.7,13.2,11.8
276,210,Antawn Jamison,PF,81,3096,674,1441,0.468,112,319,0.351,562,1122,0.501,0.507,341,452,0.754,196,525,721,153,95,25,125,218,1801,20.6,0.549,0.221,0.314,7.2,20.5,13.7,9.1,1.6,0.7,7.1,25.9,6.6,1.6,8.1,0.126,3.3,-1.7,1.6,2.8
281,215,Richard Jefferson,SF,82,2939,537,1222,0.439,116,292,0.397,421,930,0.453,0.487,417,518,0.805,57,317,374,199,66,14,165,252,1607,15.4,0.554,0.239,0.424,2.2,13.3,7.5,11.7,1.2,0.4,10.2,24.6,4.2,2.4,6.6,0.109,1.0,-0.8,0.2,1.6
285,219,Anthony Johnson,PG,80,1481,154,381,0.404,52,133,0.391,102,248,0.411,0.472,61,81,0.753,29,118,147,200,46,5,82,111,421,10.3,0.505,0.349,0.213,2.3,8.8,5.6,21.2,1.6,0.2,16.4,15.5,0.7,2.1,2.8,0.091,-1.9,1.1,-0.8,0.4
286,220,Joe Johnson,SG,79,3124,620,1420,0.437,149,414,0.36,471,1006,0.468,0.489,299,362,0.826,65,281,346,455,84,19,195,176,1688,18.2,0.534,0.292,0.255,2.4,10.5,6.5,26.4,1.4,0.5,11.0,26.6,5.1,2.5,7.6,0.116,2.7,-0.9,1.8,3.1
291,223,Dahntay Jones,SG,79,1426,154,336,0.458,11,17,0.647,143,319,0.448,0.475,110,151,0.728,58,110,168,78,49,19,68,199,429,9.0,0.533,0.051,0.449,4.9,8.7,6.8,8.2,1.7,1.0,14.5,14.7,0.7,1.3,2.0,0.067,-3.2,0.3,-2.9,-0.3
299,231,Jason Kapono,SG,80,1831,261,604,0.432,98,229,0.428,163,375,0.435,0.513,34,42,0.81,26,137,163,105,22,3,70,144,654,8.9,0.525,0.379,0.07,1.7,8.7,5.2,9.1,0.6,0.1,10.1,17.4,0.3,0.5,0.8,0.021,-1.9,-1.4,-3.2,-0.6
300,232,Jason Kidd*,PG,81,2886,257,618,0.416,131,323,0.406,126,295,0.427,0.522,86,105,0.819,85,415,500,702,160,39,185,168,731,16.9,0.55,0.523,0.17,3.4,16.4,9.9,34.7,2.9,1.0,21.8,13.5,4.6,3.9,8.5,0.141,1.6,1.9,3.6,4.0
302,234,Andrei Kirilenko,PF,67,1831,256,570,0.449,20,73,0.274,236,497,0.475,0.467,244,311,0.785,84,235,319,175,83,77,121,127,776,16.8,0.549,0.128,0.546,5.5,15.3,10.4,14.7,2.3,3.3,14.6,20.3,2.0,2.6,4.6,0.122,0.9,1.7,2.6,2.2
303,235,Linas Kleiza,SF,82,1824,289,646,0.447,87,267,0.326,202,379,0.533,0.515,148,204,0.725,92,235,327,64,31,14,82,155,813,13.2,0.552,0.413,0.316,6.0,14.5,10.4,5.7,0.9,0.6,10.0,20.0,2.1,1.5,3.6,0.095,0.0,-1.5,-1.5,0.2
304,236,Brevin Knight,PG,74,938,66,189,0.349,0,6,0.0,66,183,0.361,0.349,48,64,0.75,13,75,88,190,68,4,66,98,180,9.5,0.414,0.032,0.339,1.7,9.5,5.6,28.1,3.7,0.3,23.3,13.5,-0.6,1.3,0.7,0.035,-4.0,2.1,-1.9,0.0
305,237,Kyle Korver,SF,78,1874,245,560,0.438,103,267,0.386,142,293,0.485,0.529,112,127,0.882,35,223,258,137,47,30,90,170,705,12.1,0.572,0.477,0.227,2.2,14.2,8.2,11.1,1.3,1.3,12.8,16.9,1.9,1.8,3.7,0.095,0.0,0.1,0.1,1.0
309,241,Carl Landry,PF,69,1467,240,418,0.574,1,3,0.333,239,415,0.576,0.575,157,193,0.813,124,219,343,39,26,31,68,166,638,17.7,0.634,0.007,0.462,10.3,16.7,13.6,4.6,0.9,1.5,11.9,18.1,3.7,2.2,5.9,0.193,0.3,0.4,0.7,1.0
311,243,Courtney Lee,SG,77,1939,243,540,0.45,82,203,0.404,161,337,0.478,0.526,78,94,0.83,18,160,178,91,76,14,69,157,646,10.7,0.556,0.376,0.174,1.1,9.1,5.2,7.6,2.0,0.5,10.6,15.5,1.3,3.1,4.4,0.108,-2.1,1.9,-0.1,0.9
312,244,David Lee,C,81,2824,522,951,0.549,0,3,0.0,522,948,0.551,0.549,249,330,0.755,256,695,951,174,80,22,150,260,1293,19.0,0.59,0.003,0.347,9.6,27.9,18.4,10.1,1.4,0.6,12.0,19.2,5.9,3.1,9.0,0.154,1.0,-0.2,0.8,2.0
313,245,Rashard Lewis,PF,79,2859,478,1089,0.439,220,554,0.397,258,535,0.482,0.54,225,269,0.836,92,361,453,205,81,51,158,194,1401,16.8,0.58,0.509,0.247,3.7,13.9,8.9,12.5,1.5,1.3,11.6,22.0,4.7,4.8,9.5,0.16,2.7,1.0,3.7,4.1
317,247,Brook Lopez,C,82,2501,448,844,0.531,0,2,0.0,448,842,0.532,0.531,172,217,0.793,225,440,665,86,44,151,147,257,1068,17.9,0.568,0.002,0.257,10.6,21.2,15.8,6.2,0.9,4.9,13.5,20.3,3.2,2.7,5.8,0.112,-0.3,-0.3,-0.6,0.9
319,249,Kevin Love,C,81,2048,316,688,0.459,2,19,0.105,314,669,0.469,0.461,265,336,0.789,274,460,734,84,35,50,118,205,899,18.3,0.538,0.028,0.488,15.1,27.3,21.0,6.8,0.9,1.9,12.4,21.0,3.4,1.9,5.3,0.124,0.4,-1.6,-1.1,0.4
320,250,Kyle Lowry,PG,77,1679,189,434,0.435,25,98,0.255,164,336,0.488,0.464,181,226,0.801,26,163,189,275,69,17,117,146,584,14.4,0.547,0.226,0.521,1.9,11.6,6.8,26.4,2.2,0.8,18.0,18.1,1.8,1.8,3.6,0.103,-0.7,0.8,0.2,0.9
330,256,Shawn Marion,SF,69,2470,382,788,0.485,10,53,0.189,372,735,0.506,0.491,117,147,0.796,180,409,589,139,88,66,105,132,891,16.0,0.522,0.067,0.187,8.6,19.7,14.2,9.3,1.9,2.1,11.0,18.1,2.1,3.1,5.2,0.101,0.0,0.3,0.3,1.4
336,260,Kenyon Martin,PF,66,2111,318,648,0.491,14,38,0.368,304,610,0.498,0.502,119,197,0.604,81,314,395,132,96,74,104,201,769,13.6,0.523,0.059,0.304,4.6,16.8,10.9,10.0,2.3,2.7,12.4,17.7,0.9,3.1,4.0,0.09,-1.2,1.5,0.3,1.2
339,263,Roger Mason,SG,82,2496,349,822,0.425,166,394,0.421,183,428,0.428,0.526,105,118,0.89,16,235,251,173,40,12,100,160,969,11.9,0.554,0.479,0.144,0.8,11.1,6.0,11.1,0.9,0.4,10.3,18.9,1.9,2.9,4.7,0.091,-0.7,-0.2,-0.9,0.7
340,264,Jason Maxiell,C,78,1408,184,320,0.575,0,1,0.0,184,319,0.577,0.575,84,158,0.532,169,155,324,24,25,63,45,157,452,15.8,0.58,0.003,0.494,14.0,13.2,13.7,2.8,1.0,3.5,10.4,14.7,2.6,1.5,4.1,0.141,-0.5,-0.2,-0.6,0.5
342,266,O.J. Mayo,SG,82,3120,562,1283,0.438,145,378,0.384,417,905,0.461,0.495,247,281,0.879,56,252,308,262,91,13,226,204,1516,14.2,0.539,0.295,0.219,2.2,10.1,6.1,15.5,1.6,0.3,13.8,24.5,1.5,1.8,3.4,0.052,0.2,-1.4,-1.3,0.6
343,267,Luc Mbah a Moute,PF,82,2114,227,491,0.462,0,4,0.0,227,487,0.466,0.462,140,192,0.729,189,298,487,87,87,45,100,204,594,12.3,0.516,0.008,0.391,10.1,17.4,13.6,6.3,2.1,1.8,14.8,14.3,1.2,2.8,4.0,0.092,-1.6,0.8,-0.8,0.6
348,270,JaVale McGee,C,75,1143,191,387,0.494,0,0,,191,387,0.494,0.494,107,162,0.66,120,174,294,23,33,75,61,155,489,17.0,0.534,0.0,0.419,12.0,18.4,15.1,3.4,1.5,5.4,11.7,20.7,1.1,0.9,2.0,0.084,-1.8,-1.1,-2.9,-0.3
350,272,Dominic McGuire,SF,79,2072,140,324,0.432,2,4,0.5,138,320,0.431,0.435,74,102,0.725,113,315,428,198,62,74,92,153,356,10.8,0.483,0.012,0.315,6.2,18.4,12.1,13.8,1.6,2.9,20.0,10.1,0.5,1.3,1.7,0.04,-1.8,0.7,-1.1,0.5
356,276,C.J. Miles,SG,72,1623,258,562,0.459,63,179,0.352,195,383,0.509,0.515,78,89,0.876,45,122,167,107,46,15,64,187,657,11.8,0.546,0.319,0.158,3.3,9.0,6.1,10.4,1.5,0.7,9.6,18.4,1.6,1.3,2.9,0.086,-1.1,-0.4,-1.6,0.2
359,279,Andre Miller,PG,82,2976,492,1041,0.473,15,53,0.283,477,988,0.483,0.48,338,409,0.826,123,245,368,534,109,14,199,196,1337,18.6,0.548,0.051,0.393,4.9,9.9,7.4,30.2,2.0,0.4,14.0,21.8,6.2,2.5,8.8,0.141,2.4,0.0,2.4,3.3
360,280,Brad Miller,C,70,2100,292,614,0.476,23,56,0.411,269,558,0.482,0.494,224,272,0.824,150,395,545,234,52,36,130,223,831,16.7,0.566,0.091,0.443,8.3,21.9,15.0,17.9,1.3,1.3,15.1,18.4,3.6,1.5,5.1,0.117,1.0,0.1,1.1,1.6
363,281,Mike Miller,SF,73,2356,264,548,0.482,85,225,0.378,179,323,0.554,0.559,109,149,0.732,73,410,483,326,30,31,145,139,722,13.8,0.588,0.411,0.272,3.5,21.2,12.0,21.6,0.7,1.0,19.1,14.5,2.8,1.4,4.2,0.086,0.9,0.3,1.1,1.8
364,282,Paul Millsap,PF,76,2290,400,749,0.534,0,4,0.0,400,745,0.537,0.534,228,326,0.699,251,403,654,138,78,73,129,288,1028,18.6,0.576,0.005,0.435,13.1,21.0,17.0,9.8,1.8,2.5,12.6,20.0,4.5,3.3,7.7,0.162,0.7,0.3,1.1,1.8
365,283,Yao Ming*,C,77,2589,566,1032,0.548,1,1,1.0,565,1031,0.548,0.549,381,440,0.866,204,557,761,137,30,150,234,257,1514,22.7,0.618,0.001,0.426,9.6,24.1,17.1,10.0,0.6,4.2,16.0,26.2,5.6,5.0,10.6,0.196,1.6,1.6,3.1,3.3
368,286,Jamario Moon,SF,80,2068,222,474,0.468,65,183,0.355,157,291,0.54,0.537,68,80,0.85,58,307,365,95,86,60,43,133,577,13.3,0.567,0.386,0.169,3.3,17.5,10.4,7.0,2.2,2.3,7.8,12.4,2.4,2.5,4.9,0.114,0.0,1.7,1.7,1.9
371,287,Mikki Moore,PF-C,70,1202,114,206,0.553,0,0,,114,206,0.553,0.553,48,61,0.787,76,182,258,53,17,19,48,208,276,8.9,0.593,0.0,0.296,7.6,17.7,12.7,6.6,0.7,1.2,17.1,10.6,1.2,0.9,2.1,0.083,-3.6,0.0,-3.5,-0.5
378,290,Anthony Morrow,SG,67,1515,255,534,0.478,86,184,0.467,169,350,0.483,0.558,80,92,0.87,78,121,199,80,36,12,52,130,676,14.7,0.588,0.345,0.172,5.6,8.7,7.1,8.2,1.2,0.5,8.3,17.7,3.0,0.0,3.0,0.096,1.7,-1.9,-0.2,0.7
379,291,Troy Murphy,PF,73,2482,364,767,0.475,161,358,0.45,203,409,0.496,0.58,152,184,0.826,146,715,861,172,58,34,114,226,1041,17.8,0.614,0.467,0.24,6.4,32.0,19.1,10.4,1.2,1.0,11.9,16.9,5.2,3.4,8.5,0.165,2.8,0.4,3.2,3.3
380,292,Ronald Murray,SG,80,1975,355,795,0.447,87,242,0.36,268,553,0.485,0.501,177,233,0.76,22,146,168,158,88,17,128,173,974,14.7,0.543,0.304,0.293,1.3,8.7,5.0,14.0,2.4,0.7,12.5,24.3,1.2,2.0,3.1,0.076,-0.6,0.1,-0.5,0.8
383,295,Steve Nash*,PG,74,2484,428,851,0.503,108,246,0.439,320,605,0.529,0.566,196,210,0.933,19,204,223,717,55,10,248,108,1160,19.5,0.615,0.289,0.247,0.9,9.2,5.2,42.4,1.1,0.3,20.8,21.1,6.7,0.5,7.3,0.14,4.5,-2.1,2.4,2.8
386,298,Rasho Nesterović,C,70,1214,224,437,0.513,0,1,0.0,224,436,0.514,0.513,25,32,0.781,93,147,240,109,30,38,63,171,473,14.1,0.524,0.002,0.073,8.4,13.5,10.9,14.3,1.2,2.3,12.3,18.5,1.1,1.1,2.2,0.086,-1.3,0.3,-0.9,0.3
390,300,Joakim Noah,C,80,1938,207,372,0.556,0,1,0.0,207,371,0.558,0.556,123,182,0.676,244,362,606,106,49,110,82,238,537,16.5,0.594,0.003,0.489,14.5,21.3,17.9,8.1,1.3,4.1,15.4,12.3,3.8,2.7,6.4,0.159,0.1,1.1,1.1,1.5
391,301,Andrés Nocioni,PF-SF,76,1991,299,701,0.427,124,311,0.399,175,390,0.449,0.515,145,183,0.792,54,307,361,102,39,33,113,261,867,12.2,0.555,0.444,0.261,3.1,17.8,10.5,8.3,1.0,1.2,12.6,20.1,1.4,1.4,2.8,0.068,-1.0,-0.9,-1.9,0.0
394,302,Steve Novak,PF,71,1161,176,396,0.444,119,286,0.416,57,110,0.518,0.595,21,23,0.913,19,106,125,40,20,5,23,71,492,13.5,0.606,0.722,0.058,1.8,10.9,6.2,5.8,0.9,0.3,5.4,16.8,2.0,0.2,2.2,0.092,1.7,-2.1,-0.4,0.5
395,303,Dirk Nowitzki*,PF,81,3050,774,1616,0.479,61,170,0.359,713,1446,0.493,0.498,485,545,0.89,88,593,681,197,61,63,157,176,2094,23.1,0.564,0.105,0.337,3.3,22.1,12.8,12.1,1.0,1.5,7.8,30.3,7.5,3.4,10.9,0.171,3.7,-0.3,3.4,4.2
399,305,Jermaine O'Neal,C,68,2027,365,770,0.474,0,1,0.0,365,769,0.475,0.474,175,222,0.788,126,307,433,122,29,136,144,211,905,15.4,0.522,0.001,0.288,7.4,17.8,12.6,10.3,0.8,5.3,14.2,23.2,0.2,2.3,2.6,0.06,-1.8,0.3,-1.5,0.3
402,306,Shaquille O'Neal*,C,75,2252,512,841,0.609,0,1,0.0,512,840,0.61,0.609,309,519,0.595,187,446,633,126,49,108,168,253,1333,22.3,0.623,0.001,0.617,10.1,22.3,16.4,8.9,1.1,3.5,13.6,24.2,5.6,2.2,7.8,0.166,1.9,-0.3,1.7,2.1
405,309,Lamar Odom,PF,78,2316,346,703,0.492,33,103,0.32,313,600,0.522,0.516,160,257,0.623,176,461,637,204,77,98,138,235,885,16.6,0.542,0.147,0.366,8.7,22.2,15.5,12.8,1.7,3.3,14.5,18.1,2.7,4.2,6.9,0.143,0.4,1.6,2.0,2.4
406,310,Emeka Okafor,C,82,2691,433,772,0.561,0,0,,433,772,0.561,0.561,219,369,0.593,275,552,827,53,48,136,144,247,1085,18.0,0.581,0.0,0.478,12.7,25.2,19.0,3.5,1.0,4.2,13.4,18.9,3.7,4.6,8.2,0.147,-0.1,0.3,0.2,1.5
407,311,Mehmet Okur,C,72,2409,431,888,0.485,90,202,0.446,341,686,0.497,0.536,273,334,0.817,124,433,557,120,54,53,132,219,1225,17.5,0.592,0.227,0.376,6.1,21.5,13.8,8.1,1.2,1.7,11.3,21.7,4.5,2.9,7.4,0.148,1.6,-0.3,1.3,2.0
409,313,Travis Outlaw,SF,81,2246,385,850,0.453,89,236,0.377,296,614,0.482,0.505,175,242,0.723,70,261,331,83,47,57,94,168,1034,15.1,0.541,0.278,0.285,3.8,14.6,9.1,6.3,1.2,2.0,8.9,22.0,3.0,2.3,5.3,0.113,0.6,-0.4,0.2,1.2
410,314,Zaza Pachulia,C,77,1473,159,320,0.497,0,3,0.0,159,317,0.502,0.497,163,230,0.709,173,263,436,57,35,26,91,208,481,14.1,0.571,0.009,0.719,13.8,20.9,17.4,6.0,1.3,1.4,17.8,16.3,2.0,1.9,3.9,0.127,-1.9,-0.6,-2.6,-0.2
411,315,Anthony Parker,SG,80,2637,321,754,0.426,94,241,0.39,227,513,0.442,0.488,121,145,0.834,45,272,317,269,100,15,114,145,857,12.1,0.524,0.32,0.192,2.0,12.0,7.1,15.7,2.0,0.4,12.2,16.3,1.4,2.0,3.4,0.063,-1.1,0.4,-0.7,0.8
412,316,Tony Parker*,PG,72,2456,639,1263,0.506,19,65,0.292,620,1198,0.518,0.513,284,363,0.782,27,196,223,496,67,4,186,110,1581,23.4,0.556,0.051,0.287,1.3,9.4,5.4,40.1,1.5,0.1,11.6,31.7,5.6,3.0,8.6,0.168,3.8,-0.2,3.6,3.5
413,317,Chris Paul,PG,78,3002,631,1255,0.503,64,176,0.364,567,1079,0.525,0.528,455,524,0.868,69,363,432,861,216,10,231,212,1781,30.0,0.599,0.14,0.418,2.8,14.6,8.7,54.5,3.9,0.3,13.5,27.5,13.3,5.0,18.3,0.292,7.2,3.8,11.0,9.9
414,318,Sasha Pavlović,SF,66,1053,116,275,0.422,48,117,0.41,68,158,0.43,0.509,25,54,0.463,31,96,127,72,22,16,48,122,305,8.6,0.51,0.425,0.196,3.6,10.4,7.2,10.5,1.1,1.2,13.8,15.5,0.2,1.5,1.7,0.077,-2.5,0.4,-2.1,0.0
416,320,Kendrick Perkins,C,76,2253,276,478,0.577,0,2,0.0,276,476,0.58,0.577,96,160,0.6,204,415,619,96,22,150,165,253,648,13.2,0.591,0.004,0.335,11.5,21.4,16.7,6.5,0.5,5.3,23.1,14.8,1.1,4.5,5.6,0.119,-1.8,1.9,0.1,1.2
421,323,Paul Pierce*,SF,81,3035,540,1181,0.457,119,304,0.391,421,877,0.48,0.508,459,553,0.83,56,401,457,294,80,27,228,215,1658,17.7,0.582,0.257,0.468,2.4,15.4,9.2,16.3,1.4,0.7,13.8,25.4,5.5,4.8,10.3,0.164,2.4,0.7,3.1,3.9
423,325,James Posey,SG,75,2140,216,524,0.412,116,314,0.369,100,210,0.476,0.523,120,146,0.822,38,324,362,82,58,21,79,216,668,10.8,0.568,0.599,0.279,2.2,18.3,10.2,6.0,1.5,0.8,11.8,15.0,1.7,2.6,4.2,0.095,-1.3,0.4,-1.0,0.6
424,326,Leon Powe,PF,70,1227,177,338,0.524,0,0,,177,338,0.524,0.524,184,267,0.689,145,200,345,46,24,38,76,192,538,17.2,0.591,0.0,0.79,15.1,18.9,17.1,6.0,1.0,2.5,14.3,20.2,2.7,2.2,4.9,0.192,-0.5,0.2,-0.3,0.5
427,329,Tayshaun Prince,SF,82,3057,459,1020,0.45,56,141,0.397,403,879,0.458,0.477,189,243,0.778,128,348,476,253,44,51,101,104,1163,15.0,0.516,0.138,0.238,4.9,13.7,9.2,13.8,0.8,1.3,8.2,19.2,3.7,2.5,6.2,0.098,1.4,-0.2,1.2,2.5
429,331,Joel Przybilla,C,82,1952,168,269,0.625,0,1,0.0,168,268,0.627,0.625,112,169,0.663,204,513,717,27,34,97,78,215,448,15.4,0.652,0.004,0.628,12.8,33.1,22.8,2.0,1.0,3.9,18.5,10.2,3.2,3.4,6.6,0.163,-0.3,1.2,0.9,1.4
430,332,Chris Quinn,PG,66,962,118,289,0.408,56,137,0.409,62,152,0.408,0.505,47,58,0.81,8,67,75,132,24,2,33,79,339,12.9,0.539,0.474,0.201,1.0,8.4,4.7,21.5,1.3,0.2,9.5,17.0,1.5,0.6,2.1,0.104,-0.2,-0.8,-1.0,0.2
431,333,Vladimir Radmanović,SF,78,1445,196,466,0.421,105,262,0.401,91,204,0.446,0.533,43,58,0.741,45,177,222,81,46,15,98,111,540,11.0,0.549,0.562,0.124,3.8,14.3,9.1,8.9,1.7,0.8,16.6,18.6,0.0,1.8,1.9,0.062,-0.6,-0.1,-0.7,0.5
442,340,Jason Richardson,SG,72,2410,465,974,0.477,129,325,0.397,336,649,0.518,0.544,153,199,0.769,77,242,319,146,76,28,95,146,1212,16.7,0.571,0.334,0.204,3.9,11.5,7.8,9.8,1.6,0.9,8.2,21.5,4.3,1.5,5.8,0.116,2.0,-0.8,1.2,2.0
446,342,Quentin Richardson,SG,72,1894,262,667,0.393,120,329,0.365,142,338,0.42,0.483,89,117,0.761,71,248,319,117,47,7,74,132,733,11.6,0.51,0.493,0.175,4.0,14.8,9.2,9.4,1.2,0.3,9.3,18.2,1.0,1.1,2.1,0.054,-0.4,-0.8,-1.2,0.4
447,343,Luke Ridnour,PG,72,2033,250,621,0.403,55,157,0.35,195,464,0.42,0.447,133,153,0.869,33,185,218,365,92,16,128,200,688,12.9,0.5,0.253,0.246,1.8,11.3,6.3,28.2,2.3,0.7,15.7,18.0,1.2,2.2,3.4,0.081,-1.0,0.9,0.0,1.0
451,345,Nate Robinson,PG,74,2209,449,1028,0.437,125,385,0.325,324,643,0.504,0.498,249,296,0.841,98,192,290,301,95,6,139,206,1272,18.9,0.549,0.375,0.288,4.7,9.8,7.2,22.9,2.1,0.2,10.7,25.6,4.4,1.5,5.9,0.128,2.5,-0.1,2.4,2.4
452,346,Sergio Rodríguez,PG,80,1225,129,329,0.392,37,114,0.325,92,215,0.428,0.448,61,77,0.792,43,87,130,286,54,2,119,133,356,12.5,0.491,0.347,0.234,4.3,9.0,6.6,35.6,2.4,0.1,24.7,18.5,0.5,1.2,1.7,0.068,-0.9,-0.5,-1.4,0.2
453,347,Rajon Rondo,PG,80,2642,383,759,0.505,15,48,0.313,368,711,0.518,0.514,172,268,0.642,100,316,416,659,149,11,209,193,953,18.8,0.543,0.063,0.353,4.8,13.9,9.6,39.7,3.0,0.3,19.2,19.2,4.8,5.1,9.9,0.179,1.9,2.1,4.0,4.0
454,348,Derrick Rose,PG,81,3000,574,1208,0.475,16,72,0.222,558,1136,0.491,0.482,197,250,0.788,96,221,317,512,66,18,202,125,1361,16.0,0.516,0.06,0.207,3.7,8.4,6.1,28.8,1.1,0.4,13.3,22.6,3.4,1.5,4.9,0.078,1.1,-1.5,-0.4,1.2
458,350,Quinton Ross,SF,68,1164,99,259,0.382,33,88,0.375,66,171,0.386,0.446,34,42,0.81,29,97,126,47,32,14,36,114,265,6.9,0.478,0.34,0.162,3.0,10.4,6.6,6.3,1.5,1.0,11.5,12.6,-0.1,0.7,0.6,0.025,-3.6,0.0,-3.6,-0.5
459,351,Brandon Roy,SG,78,2903,633,1318,0.48,83,220,0.377,550,1098,0.501,0.512,416,505,0.824,104,266,370,400,88,22,152,127,1765,24.0,0.573,0.167,0.383,4.4,11.6,7.9,25.4,1.7,0.6,9.0,27.4,10.9,2.6,13.5,0.223,6.0,0.1,6.2,6.0
461,353,Brandon Rush,SG,75,1803,243,575,0.423,78,209,0.373,165,366,0.451,0.49,46,66,0.697,34,199,233,66,38,37,75,128,610,9.0,0.505,0.363,0.115,2.1,12.3,7.1,5.4,1.0,1.5,11.0,16.4,-0.4,1.3,0.9,0.024,-2.1,-0.7,-2.8,-0.3
463,355,John Salmons,SF,79,2959,516,1093,0.472,126,302,0.417,390,791,0.493,0.53,288,347,0.83,59,274,333,249,83,24,165,182,1446,16.0,0.58,0.276,0.317,2.3,10.8,6.5,14.5,1.4,0.6,11.7,21.3,4.7,0.8,5.6,0.09,1.6,-1.3,0.3,1.7
471,358,Luis Scola,PF,82,2488,424,799,0.531,0,3,0.0,424,796,0.533,0.531,196,258,0.76,200,520,720,123,68,11,123,261,1044,17.0,0.572,0.004,0.323,9.8,23.4,16.9,8.6,1.5,0.3,11.9,19.3,4.3,4.3,8.6,0.165,-0.2,0.7,0.5,1.6
472,359,Thabo Sefolosha,SF-SG,66,1453,152,357,0.426,24,87,0.276,128,270,0.474,0.459,61,73,0.836,54,188,242,111,75,45,64,104,389,12.1,0.5,0.244,0.204,4.2,14.9,9.6,11.4,2.7,2.3,14.1,13.8,0.4,1.8,2.2,0.074,-1.4,2.3,0.8,1.0
478,361,Ramon Sessions,PG,79,2173,345,775,0.445,6,34,0.176,339,741,0.457,0.449,281,354,0.794,64,205,269,452,83,7,152,158,977,17.6,0.525,0.044,0.457,3.3,11.7,7.3,34.6,2.0,0.3,14.0,22.4,3.5,2.1,5.6,0.123,1.4,0.1,1.6,1.9
480,363,Bobby Simmons,SF,71,1729,198,441,0.449,117,262,0.447,81,179,0.453,0.582,43,58,0.741,72,205,277,92,50,10,62,186,556,12.0,0.596,0.594,0.132,4.9,14.3,9.5,8.5,1.5,0.5,11.7,14.3,2.4,1.0,3.4,0.095,0.3,-0.4,0.0,0.8
492,369,Craig Smith,PF,74,1460,289,514,0.562,0,1,0.0,289,513,0.563,0.562,168,248,0.677,98,186,284,79,31,19,105,184,746,16.9,0.599,0.002,0.482,7.6,15.5,11.4,9.7,1.1,1.0,14.4,22.5,2.3,0.8,3.1,0.104,0.0,-0.6,-0.6,0.5
493,370,J.R. Smith,SG,81,2245,424,950,0.446,180,453,0.397,244,497,0.491,0.541,205,272,0.754,43,254,297,227,78,14,150,190,1233,16.8,0.576,0.477,0.286,2.3,12.8,7.7,17.3,1.8,0.5,12.3,24.2,3.6,2.2,5.8,0.124,2.6,-0.3,2.2,2.4
497,372,Josh Smith,PF,69,2421,418,849,0.492,26,87,0.299,392,762,0.514,0.508,211,359,0.588,134,364,498,169,94,111,161,184,1073,17.2,0.533,0.102,0.423,6.5,17.6,12.1,12.1,2.1,3.5,13.8,22.6,1.3,3.6,4.9,0.097,0.3,1.4,1.7,2.3
501,374,Darius Songaila,C,77,1521,243,457,0.532,0,1,0.0,243,456,0.533,0.532,80,90,0.889,75,152,227,94,64,20,74,200,566,13.9,0.57,0.002,0.197,5.6,12.1,8.8,10.3,2.2,1.1,13.0,17.1,1.8,0.7,2.4,0.076,-1.7,-0.2,-2.0,0.0
502,375,Marreese Speights,C,79,1263,252,502,0.502,2,8,0.25,250,494,0.506,0.504,102,132,0.773,123,170,293,30,27,56,46,181,608,17.9,0.543,0.016,0.263,11.6,16.3,13.9,4.2,1.1,3.6,7.6,21.9,2.4,1.5,3.8,0.146,-0.6,-0.8,-1.4,0.2
507,380,Rodney Stuckey,PG,79,2517,401,913,0.439,23,78,0.295,378,835,0.453,0.452,233,290,0.803,69,206,275,387,78,11,173,217,1058,14.8,0.508,0.085,0.318,3.2,9.8,6.5,26.1,1.7,0.3,14.3,23.0,1.7,2.2,3.8,0.073,-0.5,-0.1,-0.5,0.9
512,383,Wally Szczerbiak,SF,74,1527,179,398,0.45,69,168,0.411,110,230,0.478,0.536,90,106,0.849,43,189,232,82,28,10,55,130,517,12.1,0.581,0.422,0.266,3.5,14.2,9.0,8.3,1.0,0.5,11.0,15.4,2.3,2.2,4.5,0.14,-0.2,0.3,0.1,0.8
514,385,Sebastian Telfair,PG,75,2095,267,697,0.383,73,211,0.346,194,486,0.399,0.435,131,160,0.819,32,95,127,343,73,12,146,184,738,10.8,0.481,0.303,0.23,1.7,5.5,3.5,26.1,1.8,0.4,16.0,19.6,0.0,0.8,0.8,0.019,-2.0,-1.4,-3.4,-0.7
515,386,Jason Terry,SG,74,2491,541,1168,0.463,167,456,0.366,374,712,0.525,0.535,198,225,0.88,39,138,177,251,97,20,119,141,1447,19.3,0.571,0.39,0.193,1.8,6.3,4.1,17.6,2.0,0.6,8.6,25.5,5.4,1.9,7.3,0.14,3.3,-0.3,2.9,3.1
518,389,Kurt Thomas,PF,79,1404,153,304,0.503,0,2,0.0,153,302,0.507,0.503,37,45,0.822,134,271,405,66,34,58,42,170,343,14.0,0.53,0.007,0.148,11.5,22.7,17.2,7.2,1.3,3.1,11.5,12.6,1.8,2.7,4.5,0.152,-1.9,1.6,-0.3,0.6
523,391,Tyrus Thomas,PF,79,2175,308,683,0.451,3,9,0.333,305,674,0.453,0.453,238,304,0.783,148,360,508,77,91,151,129,220,857,15.9,0.525,0.013,0.445,7.8,18.9,13.4,5.5,2.2,5.1,13.6,19.4,1.2,3.4,4.6,0.101,-1.5,1.5,0.0,1.1
524,392,Jason Thompson,PF,82,2303,356,717,0.497,0,8,0.0,356,709,0.502,0.497,198,286,0.692,234,372,606,93,46,59,146,314,910,13.9,0.54,0.011,0.399,11.8,19.0,15.4,6.8,1.0,1.9,14.8,19.3,1.8,0.9,2.7,0.057,-2.0,-2.2,-4.2,-1.3
525,393,Al Thornton,SF,71,2654,469,1051,0.446,20,79,0.253,449,972,0.462,0.456,236,313,0.754,122,246,368,103,59,62,130,227,1194,12.6,0.502,0.075,0.298,5.2,11.0,8.0,6.9,1.2,1.7,9.9,22.6,0.2,1.0,1.3,0.023,-2.3,-1.8,-4.1,-1.4
528,396,Ronny Turiaf,C,79,1696,186,366,0.508,0,3,0.0,186,363,0.512,0.508,98,124,0.79,88,272,360,166,34,168,70,243,470,14.5,0.559,0.008,0.339,5.7,17.4,11.6,13.9,1.0,6.9,14.3,12.4,2.2,1.4,3.6,0.101,-1.1,2.3,1.2,1.4
529,397,Hedo Türkoğlu,SF,77,2815,423,1025,0.413,134,376,0.356,289,649,0.445,0.478,314,389,0.807,45,365,410,375,64,19,204,218,1294,14.8,0.541,0.367,0.38,1.8,14.2,8.2,22.5,1.2,0.5,14.6,23.0,3.0,4.4,7.3,0.125,0.5,0.7,1.3,2.4
530,398,Ime Udoka,SF,67,1035,110,287,0.383,41,125,0.328,69,162,0.426,0.455,28,46,0.609,28,159,187,54,36,12,38,86,289,9.5,0.47,0.436,0.16,3.3,18.1,10.8,7.9,1.9,0.9,11.0,16.2,-0.5,1.7,1.3,0.058,-2.9,1.4,-1.6,0.1
531,399,Beno Udrih,PG,73,2270,321,696,0.461,35,113,0.31,286,583,0.491,0.486,123,150,0.82,46,174,220,342,81,12,158,192,800,12.3,0.525,0.162,0.216,2.4,9.0,5.7,24.7,1.8,0.4,17.2,18.2,1.0,0.2,1.2,0.026,-1.6,-1.5,-3.1,-0.6
532,400,Roko Ukić,PG,72,890,123,324,0.38,11,62,0.177,112,262,0.427,0.397,44,60,0.733,27,48,75,153,30,2,60,77,301,9.8,0.43,0.191,0.185,3.6,6.3,4.9,27.2,1.8,0.2,14.6,21.3,-0.8,0.4,-0.4,-0.019,-3.2,-1.4,-4.6,-0.6
533,401,Anderson Varejão,PF,81,2306,270,504,0.536,0,2,0.0,270,502,0.538,0.536,154,250,0.616,166,415,581,81,75,66,80,239,694,14.6,0.565,0.004,0.496,8.9,20.6,15.0,5.4,1.8,2.3,11.5,14.2,3.3,4.7,8.0,0.166,-1.0,1.6,0.6,1.5
535,403,Charlie Villanueva,PF,78,2095,487,1089,0.447,89,258,0.345,398,831,0.479,0.488,201,240,0.838,154,366,520,137,50,56,138,254,1264,18.6,0.529,0.237,0.22,8.3,21.6,14.7,12.4,1.2,2.2,10.4,28.5,2.2,2.7,4.9,0.112,1.6,-0.6,1.1,1.6
537,405,Sasha Vujačić,SG,80,1293,155,401,0.387,81,223,0.363,74,178,0.416,0.488,70,76,0.921,19,116,135,113,77,7,35,154,461,12.6,0.531,0.556,0.19,1.7,10.0,5.9,12.2,3.0,0.4,7.5,16.0,1.8,1.9,3.7,0.138,-1.2,2.0,0.8,0.9
538,406,Dwyane Wade*,SG,79,3048,854,1739,0.491,88,278,0.317,766,1461,0.524,0.516,590,771,0.765,89,309,398,589,173,106,272,178,2386,30.4,0.574,0.16,0.443,3.5,12.2,7.8,40.3,3.0,2.8,11.6,36.2,10.3,4.4,14.7,0.232,8.2,2.4,10.6,9.6
542,410,Gerald Wallace,SF,71,2669,389,811,0.48,39,131,0.298,350,680,0.515,0.504,365,454,0.804,112,441,553,189,121,67,148,210,1182,18.6,0.585,0.162,0.56,5.2,20.3,12.8,12.4,2.5,2.1,12.8,20.5,4.9,4.6,9.5,0.172,1.3,2.3,3.5,3.7
543,411,Rasheed Wallace,C,66,2123,302,720,0.419,113,319,0.354,189,401,0.471,0.498,78,101,0.772,56,434,490,91,62,86,59,197,795,14.9,0.52,0.443,0.14,3.1,24.6,13.7,7.1,1.6,3.1,7.2,18.5,1.6,3.4,5.1,0.114,0.4,1.6,2.0,2.1
544,412,Luke Walton,SF,65,1166,134,307,0.436,17,57,0.298,117,250,0.468,0.464,41,57,0.719,55,125,180,177,32,10,69,105,326,11.3,0.491,0.186,0.186,5.4,12.0,8.7,21.1,1.4,0.7,17.2,15.1,0.7,1.3,2.0,0.083,-1.3,0.3,-1.0,0.3
545,413,Hakim Warrick,PF,82,2029,340,693,0.491,5,23,0.217,335,670,0.5,0.494,266,374,0.711,129,277,406,66,48,39,98,170,951,16.9,0.554,0.033,0.54,7.7,17.0,12.3,5.9,1.3,1.6,10.3,22.0,3.0,1.7,4.7,0.111,0.2,-0.9,-0.7,0.7
546,414,C.J. Watson,PG,77,1883,257,562,0.457,48,120,0.4,209,442,0.473,0.5,168,193,0.87,39,153,192,206,96,4,92,137,730,14.2,0.564,0.214,0.343,2.3,8.8,5.5,16.2,2.5,0.1,12.5,16.8,2.7,0.6,3.3,0.084,-0.5,-0.1,-0.5,0.7
547,415,Earl Watson,PG,68,1776,174,453,0.384,20,85,0.235,154,368,0.418,0.406,80,106,0.755,36,147,183,391,50,11,156,137,448,9.5,0.448,0.188,0.234,2.3,9.7,5.9,33.4,1.4,0.5,23.8,16.3,-1.2,1.1,-0.2,-0.005,-3.2,-1.4,-4.6,-1.2
551,419,David West,PF,76,2982,610,1292,0.472,6,25,0.24,604,1267,0.477,0.474,367,415,0.884,160,486,646,173,49,68,163,207,1593,18.9,0.54,0.019,0.321,6.5,19.7,13.1,10.9,0.9,1.9,10.0,26.5,4.2,3.5,7.8,0.125,1.3,-0.6,0.6,2.0
554,422,Russell Westbrook,PG,82,2668,436,1095,0.398,35,129,0.271,401,966,0.415,0.414,349,428,0.815,178,221,399,435,110,16,274,191,1256,15.2,0.489,0.118,0.391,7.6,9.7,8.6,27.5,2.1,0.4,17.6,25.8,-0.1,2.0,1.9,0.035,-0.1,-0.9,-1.0,0.7
561,427,Deron Williams,PG,68,2505,463,984,0.471,70,226,0.31,393,758,0.518,0.506,326,384,0.849,24,171,195,725,73,20,228,134,1322,21.1,0.573,0.23,0.39,1.1,8.1,4.6,47.8,1.5,0.6,16.5,24.7,6.5,1.9,8.4,0.16,4.8,-0.9,4.0,3.8
563,429,Lou Williams,SG,81,1919,336,844,0.398,63,220,0.286,273,624,0.438,0.435,304,385,0.79,36,129,165,242,85,14,151,128,1039,16.3,0.513,0.261,0.456,2.2,8.1,5.2,21.6,2.4,0.6,13.0,27.7,1.6,1.7,3.4,0.085,1.0,-0.5,0.6,1.3
567,433,Mo Williams,PG,81,2834,526,1126,0.467,183,420,0.436,343,706,0.486,0.548,208,228,0.912,47,232,279,329,69,9,179,215,1443,17.2,0.588,0.373,0.202,2.1,9.4,5.9,20.1,1.3,0.3,12.7,23.4,6.1,3.7,9.8,0.165,2.4,-0.1,2.3,3.1
573,437,Metta World Peace,SF,69,2452,416,1037,0.401,153,383,0.399,263,654,0.402,0.475,196,262,0.748,65,294,359,229,105,24,140,155,1181,15.6,0.512,0.369,0.253,3.2,13.4,8.5,16.2,2.3,0.7,10.8,24.5,1.6,4.0,5.5,0.108,0.7,1.2,1.9,2.4
574,438,Antoine Wright,SF,65,1552,179,431,0.415,45,149,0.302,134,282,0.475,0.468,71,95,0.747,31,105,136,77,46,27,54,172,474,8.6,0.501,0.346,0.22,2.3,7.7,5.0,7.4,1.6,1.3,10.3,15.6,0.3,1.2,1.4,0.044,-3.4,-0.1,-3.5,-0.6
579,443,Nick Young,SG,82,1837,336,756,0.444,56,164,0.341,280,592,0.473,0.481,164,193,0.85,31,119,150,95,39,20,92,140,892,13.1,0.53,0.217,0.255,1.9,7.8,4.8,9.0,1.1,0.9,9.9,23.1,1.2,-0.1,1.2,0.03,-0.9,-2.5,-3.3,-0.6
580,444,Thaddeus Young,PF,75,2580,475,960,0.495,56,164,0.341,419,796,0.526,0.524,139,189,0.735,139,238,377,86,100,23,118,165,1145,15.3,0.549,0.171,0.197,6.4,11.1,8.8,5.8,2.1,0.7,10.2,20.5,3.0,2.5,5.5,0.102,0.4,-0.5,-0.1,1.2
