,Rk,Player,Pos,G,MP,FG,FGA,FG%,3P,3PA,3P%,2P,2PA,2P%,eFG%,FT,FTA,FT%,ORB,DRB,TRB,AST,STL,BLK,TOV,PF,PTS,PER,TS%,3PAr,FTr,ORB%,DRB%,TRB%,AST%,STL%,BLK%,TOV%,USG%,OWS,DWS,WS,WS/48,OBPM,DBPM,BPM,VORP
0,1,Precious Achiuwa,C,73,1725,265,603,0.439,56,156,0.359,209,447,0.468,0.486,78,131,0.595,146,327,473,82,37,41,84,151,664,12.7,0.503,0.259,0.217,8.7,21.7,14.9,6.9,1.1,2.3,11.3,18.5,0.4,2.1,2.5,0.07,-2.0,-0.6,-2.6,-0.2
1,2,Steven Adams,C,76,1999,210,384,0.547,0,1,0.0,210,383,0.548,0.547,108,199,0.543,349,411,760,256,65,60,115,153,528,17.6,0.56,0.003,0.518,17.9,22.0,19.9,16.1,1.6,2.7,19.6,12.0,3.8,3.0,6.8,0.163,1.0,1.0,2.0,2.0
5,6,Nickeil Alexander-Walker,SG,65,1466,253,680,0.372,105,338,0.311,148,342,0.433,0.449,81,109,0.743,37,150,187,156,46,23,93,103,692,10.5,0.475,0.497,0.16,2.7,11.5,7.1,16.1,1.5,1.5,11.3,24.1,-1.1,1.1,0.1,0.003,-1.8,-1.1,-2.9,-0.3
8,7,Grayson Allen,SG,66,1805,255,569,0.448,159,389,0.409,96,180,0.533,0.588,64,74,0.865,32,190,222,100,46,18,43,96,733,12.7,0.609,0.684,0.13,1.9,10.9,6.5,7.6,1.2,1.0,6.7,15.2,2.8,1.4,4.2,0.11,0.6,-0.2,0.4,1.1
14,11,Kyle Anderson,PF,69,1484,209,469,0.446,36,109,0.33,173,360,0.481,0.484,67,105,0.638,69,299,368,183,77,45,71,108,521,14.4,0.506,0.232,0.224,4.8,21.6,13.0,16.2,2.5,2.7,12.1,16.2,1.0,2.5,3.5,0.113,-0.9,2.1,1.2,1.2
15,12,Giannis Antetokounmpo,PF,67,2204,689,1245,0.553,71,242,0.293,618,1003,0.616,0.582,553,766,0.722,134,644,778,388,72,91,219,212,2002,32.1,0.633,0.194,0.615,6.6,30.4,18.7,31.7,1.6,4.0,12.2,34.9,9.2,3.7,12.9,0.281,7.6,3.5,11.2,7.4
17,14,Carmelo Anthony,PF,69,1793,319,723,0.441,149,397,0.375,170,326,0.521,0.544,132,159,0.83,62,226,288,68,47,52,59,166,919,14.8,0.579,0.549,0.22,3.7,13.5,8.6,5.6,1.3,2.6,6.9,20.4,2.2,1.4,3.6,0.097,0.4,-0.8,-0.5,0.7
18,15,Cole Anthony,PG,65,2059,357,912,0.391,132,391,0.338,225,521,0.432,0.464,216,253,0.854,32,316,348,369,46,17,170,171,1062,13.5,0.519,0.429,0.277,1.6,16.2,8.9,28.9,1.1,0.8,14.2,25.1,-0.1,1.7,1.6,0.038,-0.6,-0.6,-1.2,0.4
25,20,Deni Avdija,SF,82,1984,250,579,0.432,82,259,0.317,168,320,0.525,0.503,103,136,0.757,52,373,425,167,59,44,87,190,685,11.6,0.536,0.447,0.235,3.0,20.5,11.9,11.8,1.5,1.9,12.0,16.3,0.6,1.8,2.4,0.058,-2.1,0.4,-1.7,0.1
32,25,LaMelo Ball,PG,75,2422,538,1254,0.429,220,565,0.389,318,689,0.462,0.517,212,243,0.872,108,393,501,571,119,30,245,237,1508,19.7,0.554,0.451,0.194,4.7,17.4,11.0,35.7,2.4,1.2,15.3,28.2,3.4,2.5,5.8,0.116,3.3,0.1,3.4,3.3
34,27,Mo Bamba,C,71,1824,296,617,0.48,107,281,0.381,189,336,0.563,0.566,57,73,0.781,148,424,572,85,38,118,77,182,756,16.5,0.582,0.455,0.118,8.5,24.6,16.5,7.4,1.0,5.9,10.6,17.2,1.8,2.7,4.5,0.118,-0.2,0.9,0.7,1.2
35,28,Desmond Bane,SG,76,2266,508,1101,0.461,228,523,0.436,280,578,0.484,0.565,140,155,0.903,46,288,334,208,92,29,111,196,1384,17.6,0.592,0.475,0.141,2.1,13.6,7.7,13.5,1.9,1.1,8.7,23.1,4.5,2.7,7.2,0.153,2.5,0.3,2.7,2.7
38,31,Harrison Barnes,PF,77,2580,391,834,0.469,142,360,0.394,249,474,0.525,0.554,341,413,0.826,82,350,432,186,53,14,118,94,1265,15.7,0.623,0.432,0.495,3.4,14.9,9.1,10.5,1.0,0.5,10.4,18.8,5.0,1.0,6.0,0.112,1.5,-1.3,0.2,1.4
39,32,Scottie Barnes,PF,74,2617,459,932,0.492,58,193,0.301,401,739,0.543,0.524,158,215,0.735,195,362,557,256,80,55,136,192,1134,16.3,0.552,0.207,0.231,7.7,15.8,11.5,14.7,1.5,2.1,11.7,19.0,3.7,2.9,6.6,0.122,0.5,0.4,0.9,1.9
40,33,RJ Barrett,SF,70,2417,487,1194,0.408,138,404,0.342,349,790,0.442,0.466,290,406,0.714,66,342,408,208,43,16,151,142,1402,13.7,0.511,0.338,0.34,2.9,15.5,9.1,14.9,0.9,0.7,9.9,27.6,0.1,2.2,2.3,0.046,-0.3,-1.3,-1.6,0.2
41,34,Will Barton,SG,71,2277,392,896,0.438,157,430,0.365,235,466,0.504,0.525,102,127,0.803,44,296,340,276,55,31,127,114,1043,13.4,0.548,0.48,0.142,2.2,14.1,8.3,17.6,1.2,1.2,11.8,20.8,1.2,1.9,3.2,0.067,0.4,-0.9,-0.5,0.9
47,40,Darius Bazley,PF,69,1924,274,649,0.422,80,269,0.297,194,380,0.511,0.484,117,170,0.688,71,365,436,97,58,70,90,68,745,12.6,0.515,0.414,0.262,3.7,19.8,11.6,7.7,1.5,3.4,11.1,18.3,-0.5,2.2,1.8,0.044,-2.1,0.3,-1.8,0.1
49,42,Malik Beasley,SG,79,1976,332,850,0.391,240,637,0.377,92,213,0.432,0.532,49,60,0.817,26,201,227,116,43,12,43,88,953,11.9,0.544,0.749,0.071,1.4,11.2,6.2,8.5,1.0,0.6,4.7,19.4,1.7,1.2,2.9,0.069,0.7,-1.5,-0.7,0.7
58,47,Saddiq Bey,SF,82,2704,450,1136,0.396,211,610,0.346,239,526,0.454,0.489,210,254,0.827,107,334,441,233,73,16,96,128,1321,14.0,0.529,0.537,0.224,4.1,14.1,8.8,13.8,1.3,0.5,7.1,21.3,2.4,1.6,4.0,0.071,0.9,-1.2,-0.3,1.2
62,51,Nemanja Bjelica,C,71,1143,160,342,0.468,54,149,0.362,106,193,0.549,0.547,59,81,0.728,62,232,294,159,41,26,87,128,433,14.2,0.573,0.436,0.237,6.1,21.5,14.1,19.8,1.8,2.2,18.7,17.8,1.0,2.1,3.0,0.128,-0.9,2.3,1.4,1.0
66,55,Bojan Bogdanović,PF,69,2131,422,928,0.455,181,468,0.387,241,460,0.524,0.552,223,260,0.858,58,238,296,120,34,1,118,116,1248,15.7,0.599,0.504,0.28,3.1,11.8,7.6,8.7,0.8,0.0,10.2,23.7,3.6,1.6,5.2,0.118,1.6,-1.6,0.0,1.1
70,59,Devin Booker,SG,68,2345,662,1421,0.466,183,478,0.383,479,943,0.508,0.53,315,363,0.868,45,297,342,329,77,26,162,180,1822,21.3,0.576,0.336,0.255,2.1,13.2,7.8,22.4,1.6,1.0,9.3,32.0,4.3,3.3,7.6,0.156,3.9,0.2,4.1,3.6
72,61,Chris Boucher,SF,80,1690,268,577,0.464,68,229,0.297,200,348,0.575,0.523,150,193,0.777,179,315,494,25,49,75,42,174,754,17.9,0.57,0.397,0.334,10.9,21.3,15.8,2.2,1.4,4.3,6.0,17.8,3.5,2.4,6.0,0.169,0.5,-0.4,0.1,0.9
77,66,Mikal Bridges,SF,82,2854,458,858,0.534,115,312,0.369,343,546,0.628,0.601,131,157,0.834,74,273,347,185,96,36,68,150,1162,14.4,0.627,0.364,0.183,2.9,10.0,6.5,8.7,1.6,1.1,6.8,15.0,5.2,3.7,8.9,0.15,0.5,1.1,1.6,2.6
78,67,Miles Bridges,PF,80,2837,596,1214,0.491,154,465,0.331,442,749,0.59,0.554,267,333,0.802,90,469,559,300,74,67,150,193,1613,17.9,0.593,0.383,0.274,3.3,17.8,10.4,15.7,1.3,2.2,9.9,22.6,5.0,2.3,7.2,0.123,1.8,-0.3,1.5,2.5
79,68,Oshae Brissett,SF,67,1564,208,506,0.411,83,237,0.35,125,269,0.465,0.493,114,164,0.695,108,250,358,72,44,29,54,116,613,12.9,0.53,0.468,0.324,7.6,18.1,12.8,6.4,1.4,1.6,8.5,17.3,1.4,0.9,2.2,0.069,-0.5,-1.7,-2.2,-0.1
85,72,Bruce Brown,SF,72,1774,256,506,0.506,38,94,0.404,218,412,0.529,0.543,97,128,0.758,100,245,345,148,77,52,56,176,647,15.0,0.575,0.186,0.253,6.3,14.7,10.6,11.5,2.1,2.6,9.1,15.0,2.8,2.0,4.8,0.13,-0.4,1.1,0.7,1.2
93,76,Jaylen Brown,SF,66,2220,576,1217,0.473,166,464,0.358,410,753,0.544,0.541,241,318,0.758,53,351,404,231,70,18,178,163,1559,18.9,0.574,0.381,0.261,2.6,16.7,9.8,17.9,1.6,0.7,11.6,30.5,2.3,3.4,5.8,0.124,1.9,0.1,2.1,2.2
98,79,Troy Brown Jr.,SF,66,1055,108,258,0.419,47,133,0.353,61,125,0.488,0.51,20,26,0.769,39,164,203,66,36,5,26,62,283,10.1,0.525,0.516,0.101,4.2,17.4,10.8,8.2,1.7,0.4,8.8,12.3,0.5,0.9,1.4,0.065,-1.7,-0.2,-1.8,0.1
99,80,Jalen Brunson,SG,79,2524,506,1008,0.502,94,252,0.373,412,756,0.545,0.549,179,213,0.84,43,266,309,377,66,3,124,151,1285,17.1,0.583,0.25,0.211,1.9,11.7,6.8,24.3,1.3,0.1,10.1,21.9,4.9,2.7,7.5,0.143,0.9,0.0,0.9,1.9
102,83,Reggie Bullock,SF,68,1902,201,501,0.401,141,392,0.36,60,109,0.55,0.542,40,48,0.833,33,208,241,83,41,14,40,111,583,9.2,0.558,0.782,0.096,1.9,12.2,7.0,6.1,1.1,0.7,7.1,13.3,1.2,2.0,3.2,0.08,-1.4,0.0,-1.4,0.3
104,85,Alec Burks,SG,81,2318,285,728,0.391,157,389,0.404,128,339,0.378,0.499,217,264,0.822,47,350,397,239,85,26,91,215,944,13.7,0.559,0.534,0.363,2.1,16.6,9.2,15.7,1.8,1.1,9.7,17.7,3.2,2.9,6.1,0.126,-0.4,1.2,0.8,1.7
108,89,Kentavious Caldwell-Pope,SG,77,2329,361,829,0.435,159,408,0.39,202,421,0.48,0.531,137,154,0.89,41,220,261,145,83,26,97,139,1018,12.6,0.568,0.492,0.186,2.0,10.3,6.2,9.1,1.8,0.9,9.8,19.0,1.4,1.4,2.8,0.058,-0.9,-0.6,-1.5,0.3
109,90,Facundo Campazzo,PG,65,1184,107,296,0.361,58,193,0.301,49,103,0.476,0.459,60,78,0.769,23,94,117,220,63,23,67,124,332,11.1,0.503,0.652,0.264,2.2,8.6,5.5,24.1,2.6,1.8,16.9,14.7,0.6,1.3,2.0,0.081,-2.1,1.3,-0.8,0.4
112,93,Clint Capela,C,74,2042,370,604,0.613,0,1,0.0,370,603,0.614,0.613,80,169,0.473,279,598,877,92,55,93,44,166,820,21.4,0.604,0.002,0.28,15.0,31.9,23.5,6.6,1.3,4.1,6.1,15.5,5.6,2.7,8.3,0.195,2.1,-0.1,2.0,2.1
116,95,Jevon Carter,PG,66,905,98,253,0.387,66,170,0.388,32,83,0.386,0.518,15,18,0.833,14,96,110,96,24,14,34,67,277,9.6,0.531,0.672,0.071,1.7,11.2,6.6,14.0,1.3,1.4,11.5,14.0,0.5,0.7,1.2,0.062,-1.8,-0.4,-2.2,-0.1
129,104,Josh Christopher,SG,74,1334,224,500,0.448,56,189,0.296,168,311,0.54,0.504,83,113,0.735,52,134,186,150,65,13,114,97,587,12.2,0.534,0.378,0.226,4.3,11.1,7.7,17.3,2.3,0.9,17.2,21.1,-0.4,0.7,0.3,0.01,-2.2,-1.3,-3.5,-0.5
132,107,Jordan Clarkson,SG,79,2141,466,1113,0.419,190,597,0.318,276,516,0.535,0.504,144,174,0.828,67,206,273,194,66,16,129,149,1266,14.9,0.532,0.536,0.156,3.5,10.2,7.0,14.5,1.5,0.7,9.8,26.8,1.5,2.0,3.5,0.079,0.5,-1.2,-0.6,0.7
134,109,Amir Coffey,SG,69,1567,211,466,0.453,96,254,0.378,115,212,0.542,0.556,101,117,0.863,26,171,197,124,38,15,45,87,619,13.0,0.598,0.545,0.251,1.8,11.2,6.7,11.4,1.2,0.8,8.0,15.8,2.3,1.5,3.8,0.116,-0.3,0.0,-0.3,0.7
138,113,Mike Conley,PG,72,2058,344,791,0.435,169,414,0.408,175,377,0.464,0.542,129,162,0.796,47,170,217,385,96,21,123,142,986,17.2,0.572,0.523,0.205,2.6,8.8,5.8,27.7,2.3,0.9,12.5,20.9,4.4,2.3,6.7,0.157,2.4,0.7,3.1,2.7
139,114,Pat Connaughton,SF,65,1691,227,496,0.458,146,370,0.395,81,126,0.643,0.605,45,54,0.833,45,228,273,82,59,15,35,86,645,13.4,0.62,0.746,0.109,2.9,14.0,8.6,6.6,1.7,0.9,6.3,14.0,2.8,1.6,4.4,0.125,0.8,0.3,1.2,1.4
146,119,Robert Covington,PF,71,1939,209,498,0.42,128,339,0.378,81,159,0.509,0.548,58,69,0.841,59,332,391,92,103,91,75,190,604,12.4,0.572,0.681,0.139,3.3,18.9,11.0,6.8,2.6,4.4,12.4,13.5,0.8,2.4,3.2,0.08,-1.6,1.7,0.2,1.1
149,120,Torrey Craig,SF,78,1596,200,441,0.454,77,234,0.329,123,207,0.594,0.541,39,52,0.75,86,224,310,91,46,36,67,151,516,11.0,0.556,0.531,0.118,5.9,15.4,10.7,7.6,1.4,2.0,12.6,14.3,0.9,1.4,2.3,0.07,-1.7,-0.1,-1.8,0.1
152,121,Jae Crowder,PF,67,1886,217,544,0.399,127,365,0.348,90,179,0.503,0.516,71,90,0.789,30,324,354,124,95,30,55,173,632,11.3,0.541,0.671,0.165,1.8,18.0,10.1,8.3,2.4,1.4,8.6,14.6,0.9,3.4,4.3,0.11,-1.3,2.4,1.1,1.5
164,131,Dewayne Dedmon,C,67,1065,164,290,0.566,19,47,0.404,145,243,0.597,0.598,75,100,0.75,105,281,386,47,24,42,70,174,422,15.9,0.632,0.162,0.345,11.4,29.4,20.6,6.7,1.1,4.2,17.3,16.9,1.5,2.0,3.5,0.157,-2.2,1.1,-1.0,0.3
167,134,DeMar DeRozan,PF,76,2743,774,1535,0.504,50,142,0.352,724,1393,0.52,0.521,520,593,0.877,56,336,392,374,68,24,181,178,2118,23.1,0.59,0.093,0.386,2.3,13.7,8.0,23.3,1.2,0.8,9.2,31.8,7.0,1.8,8.8,0.154,3.4,-0.9,2.5,3.1
172,139,Spencer Dinwiddie,PG,67,1980,306,735,0.416,112,330,0.339,194,405,0.479,0.493,195,252,0.774,45,234,279,346,44,13,104,150,919,15.1,0.543,0.449,0.343,2.6,13.0,7.8,25.7,1.1,0.6,10.9,21.4,2.7,1.4,4.1,0.098,0.8,-0.4,0.3,1.1
178,141,Luka Dončić,PG,65,2301,641,1403,0.457,201,569,0.353,440,834,0.528,0.529,364,489,0.744,56,537,593,568,75,36,292,145,1847,25.1,0.571,0.406,0.349,2.7,26.0,14.3,46.0,1.6,1.4,15.3,37.4,3.8,3.8,7.6,0.159,6.4,1.8,8.2,5.9
180,143,Ayo Dosunmu,SG,77,2110,278,535,0.52,70,186,0.376,208,349,0.596,0.585,53,78,0.679,27,187,214,256,60,29,108,182,679,11.2,0.596,0.348,0.146,1.4,9.9,5.7,16.5,1.4,1.2,15.9,14.1,1.7,1.3,3.0,0.069,-1.9,-0.1,-2.0,0.0
192,150,Andre Drummond,C,73,1437,247,433,0.57,0,3,0.0,247,430,0.574,0.57,86,164,0.524,229,451,680,131,78,68,115,192,580,21.0,0.574,0.007,0.379,18.0,34.1,26.2,13.7,2.7,4.2,18.5,19.0,2.0,3.1,5.1,0.17,-0.1,1.4,1.3,1.2
200,156,Anthony Edwards,SG,72,2466,549,1245,0.441,215,602,0.357,334,643,0.519,0.527,220,280,0.786,62,281,343,275,105,46,190,164,1533,16.5,0.56,0.484,0.225,2.6,12.5,7.5,17.4,2.0,1.8,12.2,26.4,1.8,2.4,4.3,0.084,1.6,-0.4,1.2,2.0
206,162,Joel Embiid,C,68,2297,666,1334,0.499,93,251,0.371,573,1083,0.529,0.534,654,803,0.814,146,650,796,284,77,99,214,181,2079,31.2,0.616,0.188,0.602,7.2,31.1,19.4,23.5,1.7,3.9,11.3,37.2,7.9,4.1,12.0,0.252,7.2,2.0,9.2,6.5
211,164,Drew Eubanks,C,71,1245,221,371,0.596,5,23,0.217,216,348,0.621,0.602,99,130,0.762,130,252,382,85,31,40,81,122,546,18.0,0.638,0.062,0.35,11.0,22.2,16.5,10.1,1.2,2.8,15.9,17.5,2.2,1.1,3.4,0.13,-0.5,-0.9,-1.4,0.2
219,168,Dorian Finney-Smith,PF,80,2644,326,692,0.471,172,435,0.395,154,257,0.599,0.595,56,83,0.675,122,253,375,150,88,39,80,183,880,12.5,0.604,0.629,0.12,5.1,10.7,7.9,8.2,1.7,1.3,9.9,13.8,3.4,3.2,6.6,0.121,0.1,0.7,0.8,1.9
224,171,Bryn Forbes,SG,75,1286,231,539,0.429,122,295,0.414,109,244,0.447,0.542,79,87,0.908,10,83,93,75,25,5,56,95,663,11.5,0.574,0.547,0.161,0.9,6.9,3.9,8.3,0.9,0.3,8.8,21.2,0.8,0.6,1.4,0.054,-0.7,-2.2,-2.9,-0.3
229,174,Evan Fournier,SG,80,2358,402,965,0.417,241,619,0.389,161,346,0.465,0.541,80,113,0.708,34,176,210,171,79,20,105,180,1125,12.3,0.554,0.641,0.117,1.5,8.2,4.8,11.9,1.7,0.8,9.4,20.8,1.5,2.2,3.7,0.075,-0.4,-0.3,-0.7,0.7
241,181,Daniel Gafford,C,72,1444,285,411,0.693,0,1,0.0,285,410,0.695,0.693,107,153,0.699,155,252,407,68,30,99,65,170,677,21.8,0.708,0.002,0.372,12.1,19.0,15.6,7.3,1.0,5.8,12.0,16.7,4.4,1.6,6.0,0.198,1.1,0.5,1.6,1.3
242,182,Danilo Gallinari,PF,66,1672,259,597,0.434,112,294,0.381,147,303,0.485,0.528,141,156,0.904,35,273,308,101,28,12,38,93,771,14.3,0.579,0.492,0.261,2.3,17.8,10.1,8.5,0.8,0.6,5.4,18.4,2.8,0.8,3.6,0.105,1.0,-1.2,-0.2,0.8
246,184,Darius Garland,PG,68,2430,542,1173,0.462,174,454,0.383,368,719,0.512,0.536,215,241,0.892,39,185,224,583,89,7,248,115,1473,19.0,0.576,0.387,0.205,1.8,8.2,5.1,39.9,1.8,0.3,16.2,27.8,3.8,2.5,6.3,0.125,3.4,-0.8,2.6,2.8
257,195,Rudy Gobert,C,66,2120,362,508,0.713,0,4,0.0,362,504,0.718,0.713,303,439,0.69,241,727,968,72,45,137,119,176,1027,24.7,0.732,0.008,0.864,12.9,36.3,25.0,5.1,1.0,5.7,14.5,16.9,7.3,4.3,11.7,0.264,2.9,1.7,4.6,3.6
260,198,Aaron Gordon,PF,75,2376,434,834,0.52,87,260,0.335,347,574,0.605,0.573,171,230,0.743,125,314,439,188,44,44,133,148,1126,15.3,0.602,0.312,0.276,6.1,14.3,10.3,11.6,0.9,1.7,12.5,19.7,3.2,2.0,5.2,0.105,0.5,-1.1,-0.6,0.9
262,200,Devonte' Graham,PG,76,2162,296,815,0.363,192,563,0.341,104,252,0.413,0.481,118,140,0.843,37,140,177,316,71,12,105,95,902,12.1,0.514,0.691,0.172,1.9,7.3,4.5,21.0,1.6,0.5,10.7,19.5,1.6,1.2,2.8,0.062,0.2,-1.2,-1.0,0.5
267,205,Jalen Green,SG,67,2138,406,954,0.426,157,458,0.343,249,496,0.502,0.508,188,236,0.797,33,193,226,176,44,18,135,103,1157,12.5,0.547,0.48,0.247,1.7,10.0,5.8,13.1,1.0,0.8,11.3,23.7,0.5,0.2,0.7,0.015,-0.5,-2.4,-2.9,-0.5
268,206,JaMychal Green,PF,67,1085,159,327,0.486,33,124,0.266,126,203,0.621,0.537,81,93,0.871,81,200,281,59,43,26,57,158,432,14.1,0.587,0.379,0.284,8.6,19.9,14.5,7.6,1.9,2.2,13.4,17.2,1.2,1.4,2.7,0.118,-2.0,0.1,-1.8,0.0
269,207,Javonte Green,SF,65,1519,176,325,0.542,36,101,0.356,140,224,0.625,0.597,80,96,0.833,91,185,276,60,67,32,30,132,468,14.0,0.637,0.311,0.295,6.8,13.6,10.2,5.3,2.2,1.8,7.6,11.5,2.9,1.5,4.4,0.139,-0.6,0.7,0.1,0.8
270,208,Jeff Green,PF,75,1849,277,529,0.524,53,168,0.315,224,361,0.62,0.574,165,198,0.833,41,190,231,96,28,27,71,151,772,12.5,0.627,0.318,0.374,2.6,11.1,7.0,7.3,0.7,1.3,10.3,16.3,2.7,1.2,3.9,0.101,-1.2,-1.3,-2.5,-0.2
271,209,Josh Green,SG,67,1039,130,256,0.508,28,78,0.359,102,178,0.573,0.563,31,45,0.689,52,109,161,79,45,14,44,115,319,11.9,0.578,0.305,0.176,5.6,11.7,8.6,11.0,2.2,1.2,13.8,13.9,1.0,1.4,2.4,0.111,-2.4,1.4,-1.0,0.3
276,214,Tyrese Haliburton,SG-PG,77,2694,430,909,0.473,161,389,0.414,269,520,0.517,0.562,160,190,0.842,61,250,311,628,134,49,199,121,1181,18.2,0.595,0.428,0.209,2.5,10.3,6.3,34.1,2.4,1.6,16.7,19.0,5.2,1.8,7.0,0.125,2.7,-0.1,2.6,3.1
282,218,James Harden,PG,65,2420,407,992,0.41,148,448,0.33,259,544,0.476,0.485,470,536,0.877,55,445,500,667,82,36,284,153,1432,20.9,0.583,0.452,0.54,2.6,19.7,11.3,40.3,1.7,1.3,18.8,27.2,4.9,2.7,7.6,0.152,3.7,0.3,4.0,3.7
287,221,Montrezl Harrell,C,71,1640,358,555,0.645,4,17,0.235,354,538,0.658,0.649,212,296,0.716,149,282,431,145,29,43,72,137,932,23.2,0.68,0.031,0.533,10.0,18.7,14.4,13.9,0.9,2.3,9.5,20.2,6.1,1.2,7.3,0.213,3.7,0.1,3.9,2.4
292,224,Tobias Harris,PF,73,2543,493,1022,0.482,101,275,0.367,392,747,0.525,0.532,170,202,0.842,77,419,496,252,47,43,116,164,1257,15.9,0.566,0.269,0.198,3.4,18.1,10.9,15.9,0.9,1.5,9.5,21.7,3.0,2.6,5.6,0.105,0.6,-0.6,0.0,1.3
297,227,Isaiah Hartenstein,C,68,1216,229,366,0.626,14,30,0.467,215,336,0.64,0.645,91,132,0.689,117,215,332,160,50,77,84,167,563,22.0,0.664,0.082,0.361,10.5,18.2,14.5,20.5,2.0,5.4,16.5,18.4,3.3,2.2,5.5,0.215,1.4,3.1,4.5,2.0
300,230,Jaxson Hayes,C,70,1398,245,398,0.616,20,57,0.351,225,341,0.66,0.641,144,188,0.766,115,200,315,43,33,55,54,155,654,18.5,0.68,0.143,0.472,8.9,16.2,12.5,4.7,1.2,3.8,10.1,16.4,3.7,1.3,5.1,0.174,0.6,-0.3,0.2,0.8
301,231,Killian Hayes,PG,66,1647,176,459,0.383,44,167,0.263,132,292,0.452,0.431,57,74,0.77,36,174,210,277,78,35,111,183,453,9.3,0.461,0.364,0.161,2.2,12.0,6.9,24.6,2.3,1.9,18.4,15.7,-1.0,1.5,0.5,0.014,-4.3,0.8,-3.5,-0.6
309,236,Tyler Herro,SG,66,2151,501,1122,0.447,175,439,0.399,326,683,0.477,0.525,190,219,0.868,32,297,329,263,44,8,174,95,1367,16.2,0.561,0.391,0.195,1.7,15.4,8.7,20.9,1.0,0.4,12.5,28.8,1.3,2.4,3.8,0.084,1.6,-0.9,0.7,1.5
310,237,Buddy Hield,SG,81,2499,446,1098,0.406,262,716,0.366,184,382,0.482,0.526,111,127,0.874,66,287,353,229,73,25,153,184,1265,12.9,0.548,0.652,0.116,2.9,12.8,7.8,13.8,1.4,0.9,11.7,22.4,0.8,1.1,1.9,0.036,0.5,-1.7,-1.2,0.5
324,245,Jrue Holiday,PG,67,2208,478,954,0.501,132,321,0.411,346,633,0.547,0.57,137,180,0.761,69,232,301,457,108,29,183,133,1225,19.8,0.593,0.336,0.189,3.4,10.9,7.2,31.8,2.4,1.3,15.0,23.5,4.5,2.4,6.9,0.15,2.9,0.3,3.2,2.9
325,246,Justin Holiday,SF-SG,74,2057,261,662,0.394,177,482,0.367,84,180,0.467,0.528,50,62,0.806,29,161,190,128,57,33,70,154,749,9.5,0.543,0.728,0.094,1.5,8.8,5.1,8.6,1.3,1.4,9.2,15.8,0.8,0.6,1.4,0.033,-1.4,-0.8,-2.2,-0.1
333,250,Al Horford,C,69,2005,266,569,0.467,89,265,0.336,177,304,0.582,0.546,80,95,0.842,108,422,530,232,49,92,65,130,701,16.7,0.574,0.466,0.167,6.0,22.2,14.3,16.4,1.2,4.2,9.6,14.8,3.7,3.8,7.6,0.181,1.4,2.9,4.3,3.2
341,255,Kevin Huerter,SF,74,2188,345,760,0.454,160,411,0.389,185,349,0.53,0.559,42,52,0.808,32,222,254,203,55,26,91,185,892,11.9,0.57,0.541,0.068,1.6,11.0,6.4,13.2,1.2,1.1,10.4,17.5,1.8,1.0,2.8,0.062,-0.5,-0.7,-1.2,0.4
349,261,Bones Hyland,SG,69,1310,230,571,0.403,131,358,0.366,99,213,0.465,0.518,107,125,0.856,14,174,188,191,41,20,86,153,698,14.4,0.558,0.627,0.219,1.2,14.4,8.0,21.2,1.5,1.4,12.1,23.8,1.1,1.3,2.4,0.088,0.3,-0.7,-0.4,0.5
360,270,Jaren Jackson Jr.,PF,78,2126,430,1036,0.415,128,401,0.319,302,635,0.476,0.477,284,345,0.823,119,335,454,86,73,177,130,272,1272,17.0,0.535,0.387,0.333,5.7,16.9,11.2,5.8,1.6,7.4,9.9,25.4,1.7,3.7,5.4,0.121,-0.9,0.8,-0.1,1.0
367,273,Reggie Jackson,SG,75,2337,479,1222,0.392,167,512,0.326,312,710,0.439,0.46,138,163,0.847,39,232,271,359,55,15,173,159,1263,12.1,0.488,0.419,0.133,1.8,10.2,6.1,24.6,1.2,0.5,11.8,27.6,-1.7,2.0,0.4,0.008,-1.4,-1.6,-3.0,-0.6
378,281,Cameron Johnson,PF,66,1730,279,607,0.46,166,391,0.425,113,216,0.523,0.596,98,114,0.86,42,231,273,99,57,16,47,113,822,15.2,0.625,0.644,0.188,2.7,14.0,8.5,7.7,1.6,0.8,6.7,17.5,3.2,2.4,5.6,0.156,2.0,0.7,2.7,2.1
383,286,Keldon Johnson,SF,75,2392,471,1011,0.466,159,399,0.398,312,612,0.51,0.545,177,234,0.756,80,377,457,158,58,14,92,148,1278,15.2,0.574,0.395,0.231,3.5,16.7,10.0,9.5,1.2,0.5,7.6,21.3,2.9,2.0,4.9,0.098,0.7,-1.2,-0.5,0.9
391,290,Nikola Jokić,C,74,2476,764,1311,0.583,97,288,0.337,667,1023,0.652,0.62,379,468,0.81,206,813,1019,584,109,63,281,191,2004,32.8,0.661,0.22,0.357,9.6,35.5,23.0,42.6,2.2,2.3,15.6,31.9,10.8,4.5,15.2,0.296,9.2,4.5,13.7,9.8
397,294,Herbert Jones,PF,78,2335,274,576,0.476,57,169,0.337,217,407,0.533,0.525,137,163,0.84,98,198,296,167,130,60,100,238,742,12.3,0.573,0.293,0.283,4.5,9.6,7.0,10.0,2.7,2.5,13.4,13.7,2.1,2.5,4.6,0.096,-2.0,1.5,-0.5,0.9
401,298,Tre Jones,PG,69,1148,166,339,0.49,10,51,0.196,156,288,0.542,0.504,71,91,0.78,29,126,155,233,42,7,46,78,413,15.0,0.545,0.15,0.268,2.6,11.6,7.1,27.0,1.8,0.5,10.8,15.6,1.9,0.9,2.9,0.121,-0.9,0.4,-0.5,0.4
402,299,Tyus Jones,PG,73,1549,249,552,0.451,80,205,0.39,169,347,0.487,0.524,54,66,0.818,17,159,176,324,66,2,46,32,632,16.5,0.544,0.371,0.12,1.1,11.0,5.9,28.2,2.0,0.1,7.3,16.6,3.4,1.6,5.1,0.158,1.2,0.5,1.7,1.4
406,301,Cory Joseph,PG,65,1600,178,400,0.445,65,157,0.414,113,243,0.465,0.526,100,113,0.885,29,145,174,237,42,17,85,147,521,11.4,0.579,0.393,0.283,1.9,10.3,5.9,21.8,1.3,1.0,15.9,14.3,1.7,0.8,2.5,0.075,-2.0,-0.1,-2.1,0.0
411,304,Luke Kennard,SG,70,1919,287,639,0.449,190,423,0.449,97,216,0.449,0.598,69,77,0.896,20,209,229,146,42,6,60,101,833,13.3,0.619,0.662,0.121,1.1,11.2,6.3,11.2,1.1,0.3,8.2,16.8,2.8,1.7,4.5,0.113,0.8,-0.3,0.5,1.2
417,308,Corey Kispert,SF,77,1801,234,514,0.455,112,320,0.35,122,194,0.629,0.564,54,62,0.871,53,156,209,85,35,22,50,93,634,10.9,0.586,0.623,0.121,3.3,9.4,6.4,6.7,1.0,1.0,8.5,14.6,1.6,0.7,2.3,0.061,-0.8,-1.5,-2.3,-0.1
424,313,John Konchar,SG,72,1292,135,262,0.515,52,126,0.413,83,136,0.61,0.615,27,49,0.551,87,242,329,109,45,22,29,90,349,14.0,0.615,0.481,0.187,6.9,20.1,13.3,10.6,1.7,1.5,9.3,9.9,2.4,1.8,4.2,0.155,0.2,1.3,1.5,1.2
425,314,Furkan Korkmaz,SG,67,1414,182,470,0.387,77,266,0.289,105,204,0.515,0.469,68,84,0.81,22,153,175,127,33,9,48,58,509,10.2,0.502,0.566,0.179,1.8,11.9,6.9,13.1,1.2,0.6,8.6,17.6,0.1,1.1,1.2,0.041,-2.0,-1.1,-3.1,-0.4
432,318,Jonathan Kuminga,SF,70,1185,236,460,0.513,50,149,0.336,186,311,0.598,0.567,130,190,0.684,54,180,234,64,31,22,74,146,652,15.2,0.6,0.324,0.413,5.1,16.1,10.8,8.4,1.3,1.8,12.0,22.7,1.3,1.8,3.0,0.123,-1.3,-0.2,-1.5,0.1
433,319,Kyle Kuzma,PF,66,2204,423,936,0.452,128,375,0.341,295,561,0.526,0.52,156,219,0.712,70,491,561,233,42,57,169,128,1130,15.2,0.547,0.401,0.234,3.6,24.3,14.1,16.3,0.9,2.2,14.1,24.2,0.0,2.0,2.0,0.044,0.2,-0.4,-0.2,1.0
442,324,Zach LaVine,SG,67,2328,565,1186,0.476,185,475,0.389,380,711,0.534,0.554,320,375,0.853,22,286,308,303,41,23,171,120,1635,20.0,0.605,0.401,0.316,1.1,13.8,7.4,20.8,0.9,0.9,11.2,28.8,4.5,1.3,5.8,0.12,3.9,-1.5,2.4,2.6
455,335,Kevon Looney,C,82,1732,208,364,0.571,0,1,0.0,208,363,0.573,0.571,75,125,0.6,208,388,596,165,50,52,67,215,491,15.7,0.586,0.003,0.343,13.5,23.8,18.8,13.2,1.4,2.9,13.8,12.2,3.5,3.2,6.8,0.187,-0.9,1.7,0.9,1.3
461,339,Kevin Love,C,74,1665,327,761,0.43,187,477,0.392,140,284,0.493,0.553,166,198,0.838,87,449,536,160,26,18,98,101,1007,19.6,0.594,0.627,0.26,5.9,29.2,17.8,15.3,0.8,1.0,10.4,25.1,3.2,2.5,5.7,0.164,4.4,0.1,4.5,2.7
465,343,Trey Lyles,PF,75,1536,262,562,0.466,67,209,0.321,195,353,0.552,0.526,195,243,0.802,89,290,379,88,29,32,73,123,786,16.4,0.588,0.372,0.432,6.0,21.2,13.4,9.0,0.9,1.9,9.8,20.7,2.4,1.2,3.5,0.111,0.5,-0.8,-0.3,0.7
470,346,Terance Mann,SF,81,2317,334,690,0.484,76,208,0.365,258,482,0.535,0.539,128,164,0.78,104,321,425,209,55,21,84,178,872,13.4,0.572,0.301,0.238,4.9,14.3,9.7,13.1,1.2,0.8,9.9,16.0,3.1,2.4,5.5,0.113,-0.8,0.2,-0.6,0.8
476,352,Cody Martin,SF,71,1866,204,423,0.482,61,159,0.384,143,264,0.542,0.554,75,107,0.701,82,203,285,179,88,32,61,116,544,12.7,0.579,0.376,0.253,4.6,11.7,8.1,12.4,2.3,1.6,11.5,12.1,2.4,1.5,3.9,0.101,-1.2,0.7,-0.5,0.7
480,354,KJ Martin,SF,79,1656,279,523,0.533,60,168,0.357,219,355,0.617,0.591,78,123,0.634,80,217,297,101,34,40,60,113,696,14.3,0.603,0.321,0.235,5.3,14.5,9.9,9.4,1.0,2.2,9.4,16.3,2.3,0.6,2.9,0.084,0.0,-1.2,-1.2,0.4
481,355,Garrison Mathews,SG,65,1712,184,461,0.399,139,386,0.36,45,75,0.6,0.55,143,180,0.794,32,158,190,64,57,24,41,168,650,11.0,0.602,0.837,0.39,2.0,10.2,6.1,5.3,1.6,1.3,7.1,14.4,2.2,0.5,2.8,0.078,-1.3,-1.0,-2.3,-0.1
484,358,Tyrese Maxey,PG,75,2650,483,995,0.485,132,309,0.427,351,686,0.512,0.552,213,246,0.866,26,214,240,321,55,32,88,156,1311,16.2,0.594,0.311,0.247,1.1,8.9,5.1,19.1,1.0,1.1,7.4,20.2,5.4,1.9,7.3,0.132,1.3,-0.7,0.6,1.8
494,364,Jaden McDaniels,PF,70,1803,255,554,0.46,80,252,0.317,175,302,0.579,0.532,57,71,0.803,76,217,293,79,52,54,75,224,647,10.3,0.553,0.455,0.128,4.4,13.2,8.7,6.1,1.4,2.9,11.4,15.3,0.7,1.7,2.4,0.065,-2.9,-0.1,-2.9,-0.4
497,367,JaVale McGee,C,74,1172,288,458,0.629,2,9,0.222,286,449,0.637,0.631,102,146,0.699,163,333,496,42,22,81,98,181,680,22.6,0.651,0.02,0.319,15.3,29.7,22.7,5.4,0.9,6.1,15.8,22.8,2.4,2.6,4.9,0.201,-0.1,0.9,0.8,0.8
504,374,De'Anthony Melton,SG,73,1657,281,695,0.404,139,372,0.374,142,323,0.44,0.504,90,120,0.75,64,264,328,194,104,39,112,128,791,15.2,0.529,0.535,0.173,4.0,17.1,10.4,16.0,3.0,2.1,13.0,21.3,0.9,2.8,3.7,0.107,0.3,1.6,1.9,1.6
507,377,Khris Middleton,SF,66,2141,452,1021,0.443,162,434,0.373,290,587,0.494,0.522,259,291,0.89,41,315,356,358,76,18,190,160,1325,18.1,0.577,0.425,0.285,2.1,15.3,8.8,25.5,1.7,0.8,14.2,26.7,3.2,2.2,5.3,0.119,1.9,-0.3,1.6,1.9
509,379,Patty Mills,SG,81,2346,324,794,0.408,227,568,0.4,97,226,0.429,0.551,48,59,0.814,18,138,156,183,51,17,73,112,923,10.4,0.563,0.715,0.074,0.9,6.2,3.6,10.6,1.1,0.6,8.2,16.4,1.9,0.9,2.8,0.058,-0.3,-1.4,-1.7,0.2
514,382,Davion Mitchell,PG,75,2076,352,843,0.418,101,320,0.316,251,523,0.48,0.477,56,85,0.659,33,133,166,313,55,24,114,141,861,10.8,0.489,0.38,0.101,1.7,7.0,4.4,22.5,1.3,1.0,11.5,20.6,-0.5,0.6,0.1,0.003,-2.1,-1.7,-3.8,-0.9
515,383,Donovan Mitchell,SG,67,2266,617,1376,0.448,232,654,0.355,385,722,0.533,0.533,267,313,0.853,55,227,282,358,99,12,200,164,1733,21.6,0.572,0.475,0.227,2.7,10.6,6.8,27.7,2.2,0.5,11.7,32.9,4.7,2.5,7.2,0.152,4.6,-0.3,4.3,3.6
516,384,Evan Mobley,PF,69,2331,422,830,0.508,23,92,0.25,399,738,0.541,0.522,167,252,0.663,143,427,570,174,56,115,133,147,1034,16.1,0.549,0.111,0.304,6.9,19.8,13.5,11.6,1.2,4.4,12.4,20.4,1.5,3.7,5.2,0.107,-0.9,1.5,0.6,1.5
517,385,Malik Monk,SG,76,2139,391,826,0.473,173,442,0.391,218,384,0.568,0.578,93,117,0.795,37,219,256,218,61,29,122,138,1048,14.4,0.597,0.535,0.142,1.9,11.0,6.4,15.2,1.4,1.2,12.2,20.1,2.3,1.4,3.6,0.081,0.5,-1.0,-0.5,0.8
533,395,Monte Morris,PG,75,2239,374,773,0.484,124,314,0.395,250,459,0.545,0.564,73,84,0.869,27,199,226,333,56,14,78,92,945,14.7,0.583,0.406,0.109,1.4,9.6,5.6,21.4,1.2,0.6,8.8,17.4,3.9,1.5,5.4,0.116,0.8,-0.8,0.0,1.1
540,400,Dejounte Murray,PG,68,2366,573,1241,0.462,96,294,0.327,477,947,0.504,0.5,196,247,0.794,80,483,563,627,138,23,180,138,1438,22.3,0.533,0.237,0.199,3.5,21.6,12.5,40.6,2.8,0.8,11.8,27.3,3.9,3.4,7.3,0.149,3.7,1.7,5.4,4.4
549,407,Raul Neto,PG,70,1372,204,441,0.463,35,120,0.292,169,321,0.526,0.502,83,108,0.769,13,121,134,217,55,3,79,104,526,12.4,0.538,0.272,0.245,1.1,9.6,5.4,22.9,2.0,0.2,13.9,18.4,0.7,0.8,1.5,0.053,-2.5,-0.5,-2.9,-0.4
551,409,Georges Niang,PF,76,1736,246,563,0.437,156,387,0.403,90,176,0.511,0.575,52,59,0.881,25,178,203,102,30,13,59,190,700,10.7,0.594,0.687,0.105,1.6,11.3,6.5,8.7,0.9,0.7,9.1,16.8,1.5,1.3,2.8,0.077,-0.8,-1.1,-1.9,0.0
560,418,Royce O'Neale,SF,77,2406,203,444,0.457,119,306,0.389,84,138,0.609,0.591,45,56,0.804,64,304,368,191,86,32,79,183,570,10.3,0.608,0.689,0.126,3.0,13.4,8.4,10.5,1.8,1.2,14.4,9.9,2.7,2.8,5.5,0.109,-0.8,1.7,0.8,1.7
564,420,Chuma Okeke,PF,70,1749,216,575,0.376,118,371,0.318,98,204,0.48,0.478,55,65,0.846,47,300,347,118,97,42,57,95,605,12.0,0.501,0.645,0.113,2.8,18.2,10.5,10.1,2.7,2.2,8.6,16.4,-0.3,2.5,2.2,0.06,-1.6,1.5,-0.1,0.8
567,423,Isaac Okoro,SF,67,1981,207,431,0.48,55,157,0.35,152,274,0.555,0.544,119,155,0.768,72,129,201,121,56,22,58,164,588,10.4,0.589,0.364,0.36,4.1,7.1,5.6,8.5,1.4,1.0,10.4,12.4,2.4,1.9,4.2,0.103,-2.4,0.7,-1.7,0.1
574,430,Cedi Osman,SF,66,1462,247,572,0.432,128,359,0.357,119,213,0.559,0.544,87,131,0.664,25,121,146,135,52,10,67,127,709,13.3,0.563,0.628,0.229,1.9,9.0,5.5,14.1,1.8,0.6,9.6,21.1,1.3,1.6,2.9,0.094,-0.3,0.5,0.2,0.8
576,432,Kelly Oubre Jr.,SF,76,1999,410,932,0.44,191,553,0.345,219,379,0.578,0.542,126,189,0.667,79,223,302,84,77,31,67,189,1137,14.9,0.56,0.593,0.203,4.1,12.0,8.0,6.2,1.8,1.5,6.2,23.0,1.8,1.4,3.3,0.079,0.2,-1.6,-1.4,0.3
582,438,Chris Paul,PG,65,2139,363,736,0.493,63,199,0.317,300,537,0.559,0.536,169,202,0.837,22,261,283,702,121,20,153,134,958,20.8,0.581,0.27,0.274,1.1,12.8,7.1,44.5,2.7,0.8,15.6,19.7,5.8,3.6,9.4,0.21,3.1,2.3,5.4,4.0
585,441,Gary Payton II,SG,71,1248,212,344,0.616,43,120,0.358,169,224,0.754,0.679,35,58,0.603,72,175,247,64,96,22,40,131,502,17.8,0.679,0.349,0.169,6.5,14.9,10.8,7.6,3.8,1.7,9.8,14.3,2.5,2.6,5.2,0.199,0.3,3.4,3.7,1.8
592,446,Mason Plumlee,C,73,1793,205,320,0.641,0,2,0.0,205,318,0.645,0.641,67,171,0.392,176,389,565,226,61,52,100,224,477,14.7,0.603,0.006,0.534,10.2,23.3,16.7,16.4,1.6,2.7,20.2,11.7,2.7,2.0,4.7,0.127,-1.5,1.5,0.0,0.9
593,447,Jakob Poeltl,C,68,1970,410,663,0.618,1,1,1.0,409,662,0.618,0.619,94,190,0.495,262,372,634,189,45,118,109,212,915,20.8,0.613,0.002,0.287,13.9,20.0,16.9,14.0,1.1,5.0,12.7,18.3,4.4,2.5,6.9,0.168,0.9,0.7,1.6,1.7
596,450,Jordan Poole,SG,76,2283,474,1058,0.448,211,580,0.364,263,478,0.55,0.548,246,266,0.925,34,226,260,304,60,23,187,206,1405,16.1,0.598,0.548,0.251,1.7,10.5,6.2,21.0,1.3,1.0,13.7,26.0,3.1,2.9,6.0,0.126,1.3,-0.3,1.0,1.7
600,454,Bobby Portis,C,72,2028,417,871,0.479,133,338,0.393,284,533,0.533,0.555,85,113,0.752,180,477,657,86,53,51,90,174,1052,17.7,0.571,0.388,0.13,9.6,24.4,17.2,6.4,1.3,2.4,8.9,21.3,2.9,2.6,5.5,0.131,1.2,-1.0,0.2,1.1
605,457,Dwight Powell,C,82,1798,269,401,0.671,13,37,0.351,256,364,0.703,0.687,166,212,0.783,173,231,404,97,37,39,64,220,717,18.1,0.725,0.092,0.529,10.7,14.3,12.5,8.1,1.0,2.0,11.5,14.0,6.0,2.2,8.2,0.219,0.4,0.5,0.9,1.3
611,461,Taurean Prince,PF,69,1177,177,390,0.454,86,229,0.376,91,161,0.565,0.564,62,82,0.756,26,148,174,68,47,23,53,116,502,12.4,0.589,0.587,0.21,2.3,13.8,7.9,8.1,1.9,1.9,11.1,17.0,1.0,1.2,2.2,0.09,-1.0,0.0,-0.9,0.3
612,462,Payton Pritchard,PG,71,1001,160,373,0.429,101,245,0.412,59,128,0.461,0.564,21,21,1.0,32,102,134,139,25,6,41,61,442,15.0,0.578,0.657,0.056,3.5,10.8,7.2,20.4,1.2,0.5,9.7,18.6,1.8,1.2,3.1,0.148,1.7,0.1,1.8,1.0
615,465,Immanuel Quickley,PG,78,1802,284,724,0.392,137,396,0.346,147,328,0.448,0.487,177,201,0.881,31,216,247,275,54,3,99,167,882,14.6,0.543,0.547,0.278,1.8,13.1,7.4,24.5,1.5,0.2,10.9,22.2,2.5,1.8,4.2,0.113,0.2,0.0,0.2,1.0
617,467,Julius Randle,PF,72,2544,512,1246,0.411,120,390,0.308,392,856,0.458,0.459,303,401,0.756,125,591,716,370,53,39,245,205,1447,15.7,0.509,0.313,0.322,5.2,25.5,15.1,25.1,1.0,1.5,14.7,28.7,-0.3,3.4,3.1,0.059,0.4,0.2,0.5,1.6
624,472,Naz Reid,C,77,1215,233,476,0.489,57,166,0.343,176,310,0.568,0.549,114,149,0.765,102,199,301,71,40,71,82,172,637,17.2,0.588,0.349,0.313,8.8,18.0,13.3,8.7,1.6,5.6,13.2,21.4,1.5,1.6,3.2,0.125,-0.5,0.5,0.0,0.6
626,474,Josh Richardson,SG,65,1600,234,534,0.438,102,246,0.415,132,288,0.458,0.534,96,108,0.889,42,143,185,115,56,29,66,116,666,12.8,0.573,0.461,0.202,2.8,9.4,6.2,10.1,1.7,1.6,10.2,17.6,1.6,2.0,3.5,0.106,-0.6,0.7,0.1,0.9
629,475,Austin Rivers,SG,67,1480,146,350,0.417,79,231,0.342,67,119,0.563,0.53,32,44,0.727,19,95,114,90,51,6,54,121,403,7.2,0.546,0.66,0.126,1.5,6.9,4.3,8.0,1.7,0.4,12.8,12.6,0.1,1.1,1.2,0.037,-3.5,-0.3,-3.8,-0.7
630,476,Duncan Robinson,SG,79,2043,290,726,0.399,232,624,0.372,58,102,0.569,0.559,51,61,0.836,24,179,203,129,42,14,60,201,863,10.6,0.573,0.86,0.084,1.4,9.8,5.6,9.3,1.0,0.7,7.4,17.7,1.9,2.0,3.9,0.092,-0.3,-0.3,-0.6,0.7
635,478,Mitchell Robinson,C,72,1848,261,343,0.761,0,0,,261,343,0.761,0.761,88,181,0.486,295,322,617,38,58,133,60,195,610,20.7,0.722,0.0,0.528,16.8,19.1,17.9,3.2,1.6,7.1,12.4,11.4,5.3,3.2,8.5,0.221,1.0,1.2,2.2,2.0
643,484,Terry Rozier,SG,73,2458,518,1167,0.444,222,593,0.374,296,574,0.516,0.539,150,176,0.852,56,259,315,326,93,25,96,119,1408,17.6,0.566,0.508,0.151,2.4,11.3,6.8,19.7,1.8,1.0,7.2,23.2,4.3,1.6,5.9,0.115,2.4,-0.7,1.7,2.3
645,486,D'Angelo Russell,PG,65,2077,401,975,0.411,176,518,0.34,225,457,0.492,0.502,198,240,0.825,25,191,216,460,62,22,165,130,1176,16.3,0.544,0.531,0.246,1.3,10.1,5.6,33.1,1.4,1.0,13.2,25.1,2.9,1.5,4.4,0.101,2.2,-1.5,0.8,1.4
663,497,Alperen Sengun,C,72,1489,249,525,0.474,29,117,0.248,220,408,0.539,0.502,165,232,0.711,138,255,393,185,59,68,145,214,692,16.0,0.552,0.223,0.442,10.1,18.9,14.5,19.1,1.9,4.1,18.8,22.0,0.8,1.3,2.1,0.068,-1.6,0.6,-1.0,0.4
665,499,Landry Shamet,SG,69,1437,191,485,0.394,123,334,0.368,68,151,0.45,0.521,68,81,0.84,16,110,126,108,28,9,41,92,573,10.2,0.55,0.689,0.167,1.2,8.0,4.7,9.7,0.9,0.6,7.3,16.8,1.1,1.5,2.6,0.085,-0.9,-0.4,-1.2,0.3
667,501,Pascal Siakam,PF,68,2578,596,1207,0.494,75,218,0.344,521,989,0.527,0.525,284,379,0.749,128,452,580,360,85,42,181,225,1551,20.3,0.565,0.181,0.314,5.1,20.1,12.2,23.0,1.6,1.6,11.6,25.8,4.9,3.2,8.1,0.151,2.7,0.8,3.5,3.6
679,509,Marcus Smart,PG,71,2296,300,718,0.418,119,360,0.331,181,358,0.506,0.501,142,179,0.793,42,228,270,417,119,18,159,160,861,13.6,0.54,0.501,0.249,2.0,10.5,6.4,25.6,2.6,0.7,16.6,18.3,1.9,3.7,5.6,0.116,-1.2,1.7,0.5,1.5
681,511,Ish Smith,PG,65,1126,185,430,0.43,25,67,0.373,160,363,0.441,0.459,15,24,0.625,25,115,140,244,47,23,78,78,410,12.5,0.465,0.156,0.056,2.4,11.1,6.8,31.5,2.0,1.8,15.0,20.1,-0.3,0.9,0.5,0.023,-2.2,-0.6,-2.9,-0.2
702,520,Isaiah Stewart,C,71,1816,250,490,0.51,15,46,0.326,235,444,0.529,0.526,74,103,0.718,226,391,617,82,22,78,85,211,589,14.0,0.55,0.094,0.21,12.8,24.5,18.4,6.9,0.6,3.9,13.7,14.6,1.6,1.8,3.4,0.091,-2.5,-0.8,-3.3,-0.6
703,521,Max Strus,SF,68,1587,249,564,0.441,181,442,0.41,68,122,0.557,0.602,42,53,0.792,24,178,202,92,28,16,57,116,721,12.7,0.614,0.784,0.094,1.7,12.5,7.2,8.8,0.9,1.1,8.8,18.1,2.0,1.7,3.6,0.11,1.4,-0.4,0.9,1.2
707,525,Jae'Sean Tate,PF,78,2056,363,729,0.498,63,202,0.312,300,527,0.569,0.541,130,184,0.707,135,285,420,222,72,41,139,286,919,14.3,0.567,0.277,0.252,7.2,15.3,11.2,16.9,1.7,1.8,14.6,19.6,1.9,1.1,3.0,0.071,-1.3,-0.5,-1.8,0.1
708,526,Jayson Tatum,SF,76,2731,708,1564,0.453,230,651,0.353,478,913,0.524,0.526,400,469,0.853,85,524,609,334,75,49,217,174,2046,21.8,0.578,0.416,0.3,3.5,20.2,12.1,21.1,1.4,1.6,10.9,32.1,5.0,4.6,9.6,0.169,4.3,0.6,5.0,4.8
718,534,Cam Thomas,SG,67,1176,218,503,0.433,47,174,0.27,171,329,0.52,0.48,87,105,0.829,16,145,161,78,33,8,55,66,570,11.7,0.519,0.346,0.209,1.5,13.1,7.5,9.7,1.4,0.6,9.1,22.1,0.0,0.8,0.8,0.033,-2.0,-1.4,-3.4,-0.4
730,540,Matisse Thybulle,SG,66,1685,150,300,0.5,45,144,0.313,105,156,0.673,0.575,34,43,0.791,42,109,151,75,115,71,39,158,379,11.2,0.594,0.48,0.143,2.8,7.1,5.0,6.1,3.4,3.8,10.9,9.5,1.2,2.5,3.7,0.107,-2.2,3.3,1.1,1.3
734,544,Obi Toppin,PF,72,1230,251,473,0.531,52,169,0.308,199,304,0.655,0.586,94,124,0.758,69,199,268,77,25,33,56,102,648,18.3,0.614,0.357,0.262,5.9,17.7,11.7,10.9,1.0,2.6,9.6,20.8,2.5,1.5,3.9,0.153,1.7,0.3,2.0,1.2
735,545,Juan Toscano-Anderson,SF,73,994,115,235,0.489,28,87,0.322,87,148,0.588,0.549,40,70,0.571,28,148,176,127,48,17,68,115,298,11.0,0.561,0.37,0.298,3.2,15.8,9.7,17.6,2.4,1.6,20.4,14.7,0.3,1.8,2.0,0.098,-3.3,2.4,-0.8,0.3
736,546,Karl-Anthony Towns,C,74,2476,642,1214,0.529,150,366,0.41,492,848,0.58,0.591,384,467,0.822,194,533,727,269,72,83,226,267,1818,24.1,0.64,0.301,0.385,8.2,23.6,15.7,18.0,1.4,3.2,13.7,27.8,7.1,3.2,10.3,0.199,4.5,0.5,5.0,4.4
737,547,Gary Trent Jr.,SG,70,2448,450,1086,0.414,209,545,0.383,241,541,0.445,0.511,174,204,0.853,26,165,191,141,122,19,73,144,1283,14.7,0.546,0.502,0.188,1.1,7.7,4.2,8.8,2.5,0.8,5.8,21.8,3.1,2.5,5.6,0.11,-0.1,0.3,0.2,1.3
738,548,P.J. Tucker,PF,71,1981,207,428,0.484,80,193,0.415,127,235,0.54,0.577,45,61,0.738,100,287,387,149,58,15,66,161,539,11.3,0.593,0.451,0.143,5.8,16.2,11.1,10.6,1.5,0.8,12.7,11.7,2.4,2.6,5.0,0.121,-0.8,1.4,0.6,1.3
743,551,Jonas Valančiūnas,C,74,2240,510,938,0.544,57,158,0.361,453,780,0.581,0.574,237,289,0.82,226,617,843,190,41,60,179,247,1314,21.2,0.617,0.168,0.308,10.9,31.2,20.8,14.0,0.9,2.6,14.4,23.8,4.6,2.7,7.3,0.156,2.0,-0.1,1.9,2.2
747,553,Jarred Vanderbilt,PF,74,1880,212,361,0.587,2,14,0.143,210,347,0.605,0.59,86,131,0.656,215,409,624,94,99,46,73,181,512,15.3,0.612,0.039,0.363,12.0,23.9,17.8,6.7,2.5,2.4,14.8,10.9,3.1,2.9,6.0,0.153,-0.8,1.0,0.2,1.1
748,554,Fred VanVleet,PG,65,2462,442,1097,0.403,242,642,0.377,200,455,0.44,0.513,194,222,0.874,44,245,289,434,111,35,170,162,1320,17.3,0.552,0.585,0.202,1.8,11.4,6.4,26.7,2.3,1.4,12.5,23.7,3.9,2.8,6.7,0.131,3.1,0.5,3.6,3.5
749,555,Devin Vassell,SF,71,1937,326,764,0.427,137,380,0.361,189,384,0.492,0.516,83,99,0.838,44,262,306,136,76,41,58,143,872,13.3,0.54,0.497,0.13,2.4,14.3,8.3,9.7,1.9,1.8,6.7,18.9,1.3,2.0,3.3,0.082,-0.5,0.0,-0.5,0.7
750,556,Gabe Vincent,PG,68,1589,214,513,0.417,119,323,0.368,95,190,0.5,0.533,44,54,0.815,22,104,126,210,62,12,98,158,591,10.6,0.551,0.63,0.105,1.6,7.3,4.5,19.4,2.0,0.8,15.4,17.8,0.7,1.9,2.5,0.076,-1.9,0.5,-1.4,0.2
751,557,Nikola Vučević,C,73,2418,546,1154,0.473,104,331,0.314,442,823,0.537,0.518,92,121,0.76,142,662,804,236,70,71,136,181,1288,18.2,0.533,0.287,0.105,6.6,30.7,18.7,15.2,1.4,2.5,10.1,24.5,1.4,3.2,4.5,0.09,0.8,0.1,0.9,1.8
753,559,Franz Wagner,SF,79,2429,456,975,0.468,96,271,0.354,360,704,0.511,0.517,189,219,0.863,84,272,356,231,68,34,119,164,1197,14.7,0.559,0.278,0.225,3.6,11.9,7.7,15.7,1.4,1.3,10.0,21.2,2.1,1.9,4.0,0.079,-0.4,-0.3,-0.7,0.8
757,563,Lonnie Walker IV,SG,70,1612,311,764,0.407,111,353,0.314,200,411,0.487,0.48,116,148,0.784,18,163,181,152,44,19,71,98,849,12.3,0.512,0.462,0.194,1.2,10.7,5.9,13.4,1.3,1.0,7.9,23.6,0.1,1.1,1.2,0.037,-1.2,-1.3,-2.5,-0.2
765,569,P.J. Washington,C,65,1768,250,532,0.47,110,301,0.365,140,231,0.606,0.573,58,81,0.716,82,255,337,147,57,61,82,152,668,13.6,0.588,0.566,0.152,4.8,15.5,10.1,11.2,1.5,3.3,12.6,15.6,1.8,1.6,3.4,0.091,-0.2,0.2,-0.1,0.9
774,576,Russell Westbrook,PG,78,2678,548,1233,0.444,79,265,0.298,469,968,0.485,0.476,266,399,0.667,110,470,580,550,75,20,295,235,1441,15.0,0.512,0.215,0.324,4.4,18.8,11.6,31.6,1.3,0.7,17.3,27.3,-0.6,2.3,1.7,0.03,-0.7,-0.9,-1.6,0.2
776,578,Derrick White,SG,75,2199,337,800,0.421,115,369,0.312,222,431,0.515,0.493,203,235,0.864,38,223,261,366,64,58,119,172,992,14.8,0.549,0.461,0.294,1.8,10.7,6.3,22.9,1.4,2.3,11.6,19.9,2.8,2.3,5.1,0.111,0.4,0.6,0.9,1.6
779,579,Hassan Whiteside,C,65,1162,215,330,0.652,0,0,,215,330,0.652,0.652,104,167,0.623,166,328,494,26,22,103,53,179,534,22.9,0.662,0.0,0.506,16.2,29.9,23.3,3.4,0.9,7.8,11.6,17.1,3.4,2.3,5.8,0.238,0.6,1.4,2.1,1.2
782,582,Andrew Wiggins,SF,73,2330,475,1019,0.466,157,399,0.393,318,620,0.513,0.543,149,235,0.634,85,240,325,161,76,51,111,158,1256,15.0,0.56,0.392,0.231,4.1,10.9,7.6,10.8,1.6,2.1,9.0,23.1,1.8,3.4,5.1,0.105,0.3,0.1,0.4,1.4
785,585,Grant Williams,PF,77,1875,205,432,0.475,106,258,0.411,99,174,0.569,0.597,86,95,0.905,64,210,274,78,38,57,62,186,602,11.2,0.635,0.597,0.22,3.8,11.8,7.9,5.7,1.0,2.8,11.6,12.6,2.4,2.6,5.1,0.13,-1.4,1.1,-0.4,0.8
797,595,Christian Wood,C,68,2094,440,878,0.501,131,336,0.39,309,542,0.57,0.576,207,332,0.623,110,576,686,155,54,65,126,171,1218,19.1,0.595,0.383,0.378,5.7,30.4,18.0,12.2,1.2,2.8,11.0,23.3,2.9,2.0,4.9,0.112,2.1,-0.4,1.6,1.9
799,597,Delon Wright,SG,77,1452,122,269,0.454,44,116,0.379,78,153,0.51,0.535,54,63,0.857,50,170,220,188,93,19,45,56,342,13.8,0.576,0.431,0.234,3.8,12.7,8.3,16.6,3.1,1.2,13.2,10.3,2.2,1.5,3.6,0.121,-0.2,2.4,2.2,1.6
808,602,Trae Young,PG,76,2652,711,1544,0.46,233,610,0.382,478,934,0.512,0.536,500,553,0.904,50,234,284,737,72,7,303,128,2155,25.4,0.603,0.395,0.358,2.1,9.6,5.9,46.7,1.3,0.2,14.5,34.4,9.0,1.0,10.0,0.181,7.1,-2.0,5.2,4.8
811,605,Ivica Zubac,C,76,1852,310,495,0.626,0,0,,310,495,0.626,0.626,165,227,0.727,217,427,644,120,36,77,114,203,785,19.2,0.66,0.0,0.459,12.8,23.7,18.4,9.8,1.0,3.5,16.1,16.8,4.3,2.9,7.2,0.187,-0.1,0.8,0.7,1.3
