,Rk,Player,Pos,G,MP,FG,FGA,FG%,3P,3PA,3P%,2P,2PA,2P%,eFG%,FT,FTA,FT%,ORB,DRB,TRB,AST,STL,BLK,TOV,PF,PTS,PER,TS%,3PAr,FTr,ORB%,DRB%,TRB%,AST%,STL%,BLK%,TOV%,USG%,OWS,DWS,WS,WS/48,OBPM,DBPM,BPM,VORP
0,1,Álex Abrines,SG,75,1134,115,291,0.395,84,221,0.38,31,70,0.443,0.54,39,46,0.848,26,88,114,28,38,8,25,124,353,9.0,0.567,0.759,0.158,2.5,8.9,5.6,3.4,1.7,0.6,7.4,12.7,1.3,1.0,2.2,0.094,-1.9,0.4,-1.5,0.1
1,2,Quincy Acy,PF,70,1359,130,365,0.356,102,292,0.349,28,73,0.384,0.496,49,60,0.817,40,217,257,57,33,29,60,149,411,8.2,0.525,0.8,0.164,3.1,17.1,10.0,6.0,1.2,1.6,13.3,14.4,-0.1,1.1,1.0,0.036,-2.6,0.1,-2.5,-0.2
2,3,Steven Adams,C,76,2487,448,712,0.629,0,2,0.0,448,710,0.631,0.629,160,286,0.559,384,301,685,88,92,78,128,215,1056,20.6,0.63,0.003,0.402,16.6,13.9,15.3,5.5,1.8,2.8,13.3,16.7,6.7,3.0,9.7,0.187,1.7,-0.6,1.1,2.0
3,4,Bam Adebayo,C,69,1368,174,340,0.512,0,7,0.0,174,333,0.523,0.512,129,179,0.721,118,263,381,101,32,41,66,138,477,15.7,0.57,0.021,0.526,9.7,21.6,15.6,11.0,1.2,2.5,13.6,15.9,2.3,1.9,4.2,0.148,-1.1,0.7,-0.4,0.6
6,7,LaMarcus Aldridge,C,75,2509,687,1347,0.51,27,92,0.293,660,1255,0.526,0.52,334,399,0.837,246,389,635,152,43,90,111,161,1735,25.0,0.57,0.068,0.296,10.8,17.3,14.0,11.3,0.9,3.0,6.8,29.1,7.4,3.5,10.9,0.209,4.3,-0.4,3.9,3.7
7,8,Jarrett Allen,C,72,1441,234,397,0.589,5,15,0.333,229,382,0.599,0.596,114,147,0.776,144,244,388,49,28,88,82,147,587,17.5,0.636,0.038,0.37,10.5,18.1,14.3,5.4,0.9,4.6,15.1,16.3,2.7,1.5,4.2,0.141,-0.9,0.1,-0.8,0.5
10,11,Al-Farouq Aminu,PF,69,2072,230,582,0.395,125,339,0.369,105,243,0.432,0.503,59,80,0.738,97,428,525,84,79,40,79,136,644,12.0,0.522,0.582,0.137,5.2,22.3,13.8,5.8,1.9,1.6,11.3,14.8,0.9,3.2,4.2,0.097,-0.7,1.1,0.4,1.3
12,13,Kyle Anderson,SF,74,1978,231,438,0.527,19,57,0.333,212,381,0.556,0.549,104,146,0.712,84,312,396,202,115,60,94,114,585,15.9,0.582,0.13,0.333,4.7,17.6,11.1,14.7,2.9,2.5,15.8,13.5,2.4,3.8,6.2,0.151,-0.4,3.3,2.9,2.4
13,14,Ryan Anderson,PF,66,1725,207,480,0.431,131,339,0.386,76,141,0.539,0.568,72,93,0.774,94,237,331,60,24,21,42,126,617,12.6,0.592,0.706,0.194,6.2,15.4,10.8,5.1,0.7,1.0,7.5,14.4,3.1,1.7,4.8,0.132,0.9,-0.8,0.1,0.9
15,16,Giannis Antetokounmpo,PF,75,2756,742,1402,0.529,43,140,0.307,699,1262,0.554,0.545,487,641,0.76,156,597,753,361,109,106,223,231,2014,27.3,0.598,0.1,0.457,6.7,25.3,16.0,23.7,2.0,3.3,11.7,31.2,8.3,3.6,11.9,0.207,5.3,0.9,6.2,5.7
16,17,Carmelo Anthony,PF,78,2501,472,1168,0.404,169,474,0.357,303,694,0.437,0.476,148,193,0.767,67,386,453,103,47,49,99,197,1261,12.7,0.503,0.406,0.165,2.9,17.7,10.0,6.5,0.9,1.8,7.3,23.2,1.2,2.5,3.7,0.071,-0.6,-1.3,-1.9,0.0
17,18,OG Anunoby,SF,74,1481,163,346,0.471,73,197,0.371,90,149,0.604,0.577,39,62,0.629,44,140,184,55,52,14,45,130,438,10.0,0.587,0.569,0.179,3.4,10.4,7.0,5.0,1.7,0.8,10.8,12.4,1.4,1.6,3.0,0.098,-1.2,0.6,-0.6,0.5
19,20,Trevor Ariza,SF,67,2269,268,651,0.412,170,462,0.368,98,189,0.519,0.542,76,89,0.854,33,261,294,105,98,13,52,132,782,11.8,0.567,0.71,0.137,1.7,12.9,7.3,6.8,2.1,0.5,7.0,14.4,2.6,2.8,5.3,0.113,0.0,0.7,0.7,1.5
25,24,D.J. Augustin,PG,75,1760,244,540,0.452,114,272,0.419,130,268,0.485,0.557,164,189,0.868,30,130,160,287,54,0,123,94,766,15.4,0.615,0.504,0.35,1.9,8.2,5.0,24.4,1.5,0.0,16.5,18.6,3.3,0.8,4.1,0.11,1.0,-1.2,-0.2,0.8
33,30,J.J. Barea,PG,69,1603,303,690,0.439,115,313,0.367,188,377,0.499,0.522,80,102,0.784,15,186,201,434,35,3,143,83,801,17.8,0.545,0.454,0.148,1.0,13.4,7.0,45.1,1.1,0.2,16.3,24.9,2.3,1.0,3.3,0.098,2.7,-1.5,1.2,1.3
34,31,Harrison Barnes,PF,77,2634,537,1208,0.445,119,333,0.357,418,875,0.478,0.494,259,313,0.827,77,391,468,152,49,14,118,94,1452,15.8,0.539,0.276,0.259,3.1,17.1,9.9,9.9,0.9,0.5,8.1,25.2,2.0,1.9,3.8,0.07,0.8,-1.3,-0.5,1.0
35,32,Will Barton,SG,81,2683,465,1028,0.452,156,422,0.37,309,606,0.51,0.528,182,226,0.805,70,339,409,331,82,52,149,168,1268,16.2,0.562,0.411,0.22,3.0,14.2,8.6,18.5,1.5,1.6,11.7,20.7,4.4,1.8,6.2,0.111,1.6,-0.4,1.1,2.1
38,35,Aron Baynes,C,81,1485,210,446,0.471,3,21,0.143,207,425,0.487,0.474,59,78,0.756,130,304,434,93,22,51,80,200,482,12.0,0.502,0.047,0.175,9.7,22.1,16.0,9.6,0.7,2.9,14.3,16.8,0.5,2.5,3.0,0.097,-3.6,0.7,-2.9,-0.3
39,36,Kent Bazemore,SG,65,1789,284,676,0.42,108,274,0.394,176,402,0.438,0.5,160,201,0.796,25,223,248,228,100,45,157,147,836,14.5,0.547,0.405,0.297,1.6,13.9,7.7,20.1,2.7,2.2,17.0,22.5,0.2,2.0,2.2,0.059,-0.4,1.0,0.6,1.2
40,37,Bradley Beal,SG,82,2977,683,1484,0.46,199,530,0.375,484,954,0.507,0.527,292,369,0.791,61,302,363,373,96,36,214,160,1857,18.4,0.564,0.357,0.249,2.3,11.5,6.9,21.0,1.6,1.1,11.5,27.6,4.4,2.5,6.9,0.111,2.9,-0.7,2.2,3.1
42,39,Michael Beasley,PF,74,1653,409,807,0.507,34,86,0.395,375,721,0.52,0.528,124,159,0.78,97,317,414,123,36,43,143,145,976,17.8,0.556,0.107,0.197,6.5,21.2,13.9,12.5,1.1,2.3,14.0,26.9,0.9,1.5,2.4,0.069,0.6,-0.8,-0.2,0.7
43,40,Marco Belinelli,SG,80,1947,337,764,0.441,149,395,0.377,188,369,0.509,0.539,148,163,0.908,20,131,151,148,66,12,94,91,971,14.1,0.581,0.517,0.213,1.1,7.3,4.3,11.9,1.6,0.5,10.1,20.7,2.4,1.3,3.7,0.092,0.4,-0.8,-0.5,0.8
48,43,Dragan Bender,PF,82,2069,187,484,0.386,118,322,0.366,69,162,0.426,0.508,39,51,0.765,40,321,361,130,22,53,112,166,531,7.1,0.524,0.665,0.105,2.0,16.8,9.3,8.9,0.5,2.1,18.1,12.7,-0.7,0.8,0.1,0.001,-2.9,-0.8,-3.7,-0.9
49,44,Dāvis Bertāns,PF,77,1086,161,366,0.44,94,252,0.373,67,114,0.588,0.568,40,49,0.816,18,135,153,74,26,28,36,93,456,14.1,0.588,0.689,0.134,1.8,13.9,7.8,10.3,1.2,2.1,8.5,17.4,1.6,1.4,3.1,0.135,1.0,0.6,1.6,1.0
53,48,Bismack Biyombo,C,82,1495,183,352,0.52,0,1,0.0,183,351,0.521,0.52,102,157,0.65,144,324,468,66,21,95,84,158,468,14.1,0.556,0.003,0.446,10.5,24.0,17.2,6.5,0.7,5.1,16.6,14.9,1.1,1.8,2.9,0.094,-2.6,0.2,-2.4,-0.2
54,49,Nemanja Bjelica,PF,67,1371,171,371,0.461,76,183,0.415,95,188,0.505,0.563,36,45,0.8,53,221,274,86,50,16,52,141,454,12.6,0.581,0.493,0.121,4.4,18.8,11.5,8.7,1.8,1.0,11.7,14.3,1.7,1.1,2.8,0.097,-0.1,0.2,0.1,0.7
57,52,Eric Bledsoe,PG,74,2322,468,989,0.473,125,360,0.347,343,629,0.545,0.536,252,317,0.795,51,233,284,370,149,42,216,185,1313,19.7,0.582,0.364,0.321,2.6,11.7,7.1,25.7,3.2,1.5,16.1,26.1,3.1,2.5,5.6,0.116,2.3,0.3,2.5,2.6
59,52,Eric Bledsoe,PG,71,2239,452,949,0.476,121,347,0.349,331,602,0.55,0.54,241,303,0.795,48,229,277,361,145,40,206,179,1266,20.0,0.585,0.366,0.319,2.5,11.9,7.2,26.0,3.2,1.5,16.0,26.0,3.2,2.4,5.7,0.121,2.4,0.4,2.8,2.7
61,54,Bogdan Bogdanović,SG,78,2175,344,772,0.446,129,329,0.392,215,443,0.485,0.529,100,119,0.84,31,192,223,258,72,16,125,172,917,13.5,0.556,0.426,0.154,1.6,10.5,5.8,18.3,1.7,0.7,13.2,19.6,1.8,1.1,2.9,0.064,-0.6,-0.9,-1.5,0.3
62,55,Bojan Bogdanović,SF,80,2464,404,852,0.474,155,386,0.402,249,466,0.534,0.565,178,205,0.868,30,240,270,119,55,8,106,129,1141,13.9,0.605,0.453,0.241,1.4,10.9,6.2,7.1,1.1,0.3,10.1,19.0,3.8,1.6,5.4,0.105,0.5,-1.2,-0.7,0.8
66,59,Trevor Booker,PF,68,1158,177,343,0.516,8,33,0.242,169,310,0.545,0.528,66,93,0.71,117,201,318,82,28,21,59,119,428,14.9,0.557,0.096,0.271,11.1,18.6,14.9,10.8,1.2,1.5,13.3,16.6,1.6,1.3,2.9,0.121,-0.6,0.0,-0.6,0.4
75,63,Corey Brewer,SF-SG,72,1208,142,316,0.449,31,110,0.282,111,206,0.539,0.498,65,90,0.722,43,111,154,65,79,14,49,139,380,11.2,0.534,0.348,0.285,3.8,10.0,6.9,7.5,3.2,1.0,12.1,14.3,0.7,1.6,2.3,0.091,-3.2,1.9,-1.3,0.2
80,66,Dillon Brooks,SF,82,2350,340,772,0.44,94,264,0.356,246,508,0.484,0.501,124,166,0.747,49,208,257,135,73,17,124,233,898,9.8,0.531,0.342,0.215,2.4,10.5,6.3,9.3,1.6,0.7,12.8,18.5,0.1,1.1,1.2,0.024,-2.9,-1.1,-4.0,-1.2
84,70,Jaylen Brown,SG,70,2152,373,803,0.465,121,306,0.395,252,497,0.507,0.54,150,233,0.644,66,280,346,114,70,26,124,181,1017,13.6,0.562,0.381,0.29,3.4,14.0,8.8,8.5,1.6,1.0,12.0,21.4,1.2,3.2,4.5,0.1,-0.8,0.3,-0.5,0.8
99,83,Kentavious Caldwell-Pope,SG,74,2458,340,798,0.426,159,415,0.383,181,383,0.473,0.526,153,194,0.789,60,327,387,162,106,16,97,145,992,13.2,0.561,0.52,0.243,2.6,14.1,8.4,9.4,2.1,0.5,9.9,16.9,2.6,2.7,5.3,0.103,-0.4,0.6,0.3,1.4
103,85,Clint Capela,C,74,2034,441,676,0.652,0,1,0.0,441,675,0.653,0.652,144,257,0.56,241,561,802,68,58,137,103,185,1026,24.5,0.65,0.001,0.38,13.5,30.8,22.2,5.7,1.4,5.7,11.5,19.4,6.2,4.1,10.2,0.242,2.4,1.0,3.4,2.8
104,86,DeMarre Carroll,PF,73,2180,325,785,0.414,145,391,0.371,180,394,0.457,0.506,188,246,0.764,105,374,479,147,59,30,103,165,983,14.3,0.55,0.498,0.313,5.1,18.4,11.7,10.5,1.3,1.0,10.3,19.8,2.3,1.8,4.1,0.091,0.5,-0.4,0.2,1.2
109,91,Willie Cauley-Stein,C,73,2044,388,773,0.502,3,12,0.25,385,761,0.506,0.504,153,247,0.619,131,379,510,172,77,67,109,185,932,17.6,0.529,0.016,0.32,7.0,22.0,14.2,13.7,1.9,3.1,11.0,21.8,1.7,2.2,3.9,0.092,-0.4,0.3,-0.1,1.0
111,93,Mario Chalmers,PG,66,1421,168,443,0.379,53,191,0.277,115,252,0.456,0.439,118,138,0.855,13,144,157,197,79,14,117,179,507,10.4,0.503,0.431,0.312,1.0,12.0,6.4,21.5,2.8,0.9,18.8,19.6,-0.6,1.3,0.6,0.021,-3.7,0.5,-3.2,-0.4
113,95,Wilson Chandler,SF,74,2346,281,631,0.445,88,246,0.358,193,385,0.501,0.515,88,114,0.772,102,296,398,159,43,39,92,156,738,10.9,0.542,0.39,0.181,4.9,14.1,9.6,9.4,0.9,1.4,11.9,14.3,2.1,1.2,3.3,0.067,-1.0,-1.1,-2.1,-0.1
114,96,Marquese Chriss,PF,72,1527,202,477,0.423,56,190,0.295,146,287,0.509,0.482,96,158,0.608,76,319,395,83,51,70,107,205,556,11.1,0.509,0.398,0.331,5.2,22.7,13.8,8.1,1.6,3.7,16.4,18.1,-0.8,1.5,0.7,0.023,-3.2,0.4,-2.8,-0.3
115,97,Ian Clark,SG,74,1455,222,495,0.448,62,195,0.318,160,300,0.533,0.511,45,59,0.763,10,117,127,110,33,10,57,120,551,9.4,0.529,0.394,0.119,0.8,8.4,4.7,10.4,1.1,0.5,9.9,17.2,0.3,0.8,1.1,0.037,-2.7,-0.8,-3.5,-0.6
116,98,Jordan Clarkson,SG,81,1888,430,954,0.451,112,318,0.352,318,636,0.5,0.509,152,190,0.8,57,160,217,221,58,6,127,107,1124,16.4,0.542,0.333,0.199,3.3,9.1,6.2,19.3,1.5,0.3,10.9,26.5,1.9,1.2,3.0,0.077,1.5,-1.4,0.1,1.0
123,101,John Collins,PF,74,1785,314,545,0.576,16,47,0.34,298,498,0.598,0.591,133,186,0.715,176,365,541,98,47,80,105,215,777,18.3,0.62,0.086,0.341,11.0,22.8,16.9,8.9,1.3,3.8,14.3,17.9,3.4,2.0,5.4,0.145,-0.4,0.2,-0.2,0.8
124,102,Zach Collins,C,66,1045,115,289,0.398,35,113,0.31,80,176,0.455,0.458,27,42,0.643,45,176,221,52,17,31,58,133,292,7.5,0.475,0.391,0.145,4.7,18.2,11.5,7.1,0.8,2.4,15.9,15.4,-0.7,1.3,0.6,0.03,-4.5,0.2,-4.3,-0.6
126,104,Darren Collison,PG,69,2018,316,638,0.495,96,205,0.468,220,433,0.508,0.571,127,144,0.882,37,141,178,368,92,15,86,122,855,18.8,0.61,0.321,0.226,2.1,7.8,5.0,26.4,2.3,0.7,10.9,17.4,5.8,1.8,7.6,0.181,2.4,0.3,2.7,2.4
129,107,Pat Connaughton,SG,82,1488,165,390,0.423,74,210,0.352,91,180,0.506,0.518,37,44,0.841,36,125,161,91,23,22,43,120,441,9.3,0.539,0.538,0.113,2.7,9.1,5.9,8.7,0.8,1.2,9.5,13.4,1.2,1.3,2.5,0.08,-1.7,-0.1,-1.8,0.1
135,113,Robert Covington,SF,80,2532,345,836,0.413,203,550,0.369,142,286,0.497,0.534,116,136,0.853,55,378,433,156,137,72,126,238,1009,12.9,0.563,0.658,0.163,2.4,15.5,9.2,8.7,2.6,2.4,12.3,17.2,1.6,4.5,6.1,0.116,-0.2,1.7,1.5,2.3
136,114,Allen Crabbe,SG,75,2197,337,827,0.407,201,532,0.378,136,295,0.461,0.529,115,135,0.852,28,296,324,117,47,35,78,168,990,12.3,0.558,0.643,0.163,1.3,14.4,7.8,8.4,1.0,1.2,8.1,19.0,1.8,1.4,3.2,0.07,0.0,-0.7,-0.7,0.7
138,116,Jamal Crawford,SG,80,1653,308,742,0.415,104,314,0.331,204,428,0.477,0.485,102,113,0.903,21,78,99,185,40,9,95,85,822,13.0,0.519,0.423,0.152,1.4,5.5,3.5,16.9,1.2,0.5,10.7,23.7,0.9,0.3,1.3,0.037,0.1,-2.5,-2.3,-0.1
140,118,Jae Crowder,SF,80,2090,271,671,0.404,110,341,0.323,161,330,0.488,0.486,121,148,0.818,59,216,275,99,64,21,74,187,773,10.4,0.525,0.508,0.221,3.2,11.5,7.4,6.9,1.5,0.9,9.1,17.3,1.0,1.6,2.6,0.06,-1.9,-0.6,-2.5,-0.3
143,119,Dante Cunningham,SF,73,1562,164,364,0.451,58,168,0.345,106,196,0.541,0.53,31,52,0.596,78,220,298,48,39,30,33,111,417,10.0,0.539,0.462,0.143,5.5,14.9,10.3,4.3,1.2,1.5,7.9,11.6,1.1,1.3,2.4,0.074,-1.5,-0.2,-1.7,0.1
147,121,Troy Daniels,SG,79,1622,232,575,0.403,183,458,0.4,49,117,0.419,0.563,56,64,0.875,12,115,127,48,26,5,56,137,703,9.8,0.583,0.797,0.111,0.8,7.7,4.2,4.5,0.8,0.2,8.5,17.2,1.4,0.0,1.4,0.042,-0.5,-2.1,-2.6,-0.3
148,122,Anthony Davis,PF,75,2727,780,1462,0.534,55,162,0.34,725,1300,0.558,0.552,495,598,0.828,187,645,832,174,115,193,162,159,2110,28.9,0.612,0.111,0.409,7.7,24.8,16.5,10.8,2.0,5.6,8.6,30.0,8.8,4.9,13.7,0.241,5.3,1.4,6.7,5.9
150,124,Ed Davis,C,78,1471,170,292,0.582,0,1,0.0,170,291,0.584,0.582,74,111,0.667,183,392,575,40,32,52,66,188,414,15.5,0.607,0.003,0.38,13.7,28.8,21.3,3.9,1.1,2.9,16.2,12.1,2.5,2.5,5.0,0.164,-1.2,0.6,-0.6,0.5
152,126,Sam Dekker,PF,73,883,128,259,0.494,10,60,0.167,118,199,0.593,0.514,37,56,0.661,44,130,174,38,24,9,33,71,303,11.5,0.534,0.232,0.216,5.6,16.0,10.8,6.2,1.3,0.9,10.4,15.5,0.6,0.6,1.2,0.066,-2.3,-0.6,-2.9,-0.2
156,130,DeMar DeRozan,SG,80,2711,645,1413,0.456,89,287,0.31,556,1126,0.494,0.488,461,559,0.825,59,256,315,417,85,22,175,151,1840,21.0,0.555,0.203,0.396,2.5,10.4,6.5,25.0,1.5,0.6,9.5,29.6,6.8,2.8,9.6,0.17,3.3,-0.6,2.8,3.2
158,132,Gorgui Dieng,C,79,1333,186,388,0.479,19,61,0.311,167,327,0.511,0.504,79,102,0.775,106,254,360,71,45,39,59,147,470,14.7,0.543,0.157,0.263,9.1,22.2,15.6,7.5,1.7,2.6,12.0,16.3,1.6,1.4,2.9,0.105,-0.9,-0.1,-1.0,0.3
159,133,Spencer Dinwiddie,PG,80,2306,324,838,0.387,141,433,0.326,183,405,0.452,0.471,218,268,0.813,40,219,259,524,68,23,128,186,1007,15.9,0.527,0.517,0.32,1.8,10.2,6.0,35.0,1.4,0.7,11.8,20.3,4.3,1.4,5.7,0.118,1.3,-0.7,0.6,1.5
164,138,Goran Dragić,PG,75,2378,484,1075,0.45,111,300,0.37,373,775,0.481,0.502,217,271,0.801,54,252,306,359,63,12,166,180,1296,16.6,0.543,0.279,0.252,2.5,11.9,7.2,25.4,1.3,0.4,12.2,25.7,2.9,2.3,5.3,0.106,0.9,-0.6,0.3,1.4
168,140,Andre Drummond,C,78,2625,466,881,0.529,0,11,0.0,466,870,0.536,0.529,239,395,0.605,399,848,1247,237,114,127,200,250,1171,22.9,0.555,0.012,0.448,16.4,36.4,26.2,14.3,2.2,4.3,15.9,21.2,4.6,5.7,10.3,0.189,1.5,1.7,3.2,3.4
171,143,Kevin Durant,SF,68,2325,630,1222,0.516,173,413,0.419,457,809,0.565,0.586,359,404,0.889,31,433,464,366,50,119,207,133,1792,26.0,0.64,0.338,0.331,1.6,19.5,11.2,25.5,1.0,4.0,12.9,30.4,7.5,2.9,10.4,0.215,6.7,0.6,7.3,5.5
176,146,Wayne Ellington,SG,77,2041,285,700,0.407,227,579,0.392,58,121,0.479,0.569,67,78,0.859,23,195,218,79,53,8,52,94,864,12.5,0.588,0.827,0.111,1.3,10.7,6.0,5.9,1.3,0.3,6.6,17.3,2.6,1.9,4.5,0.105,1.0,-0.6,0.4,1.2
178,148,James Ennis III,SF,72,1604,182,384,0.474,51,153,0.333,131,231,0.567,0.54,97,116,0.836,73,151,224,71,47,18,56,134,512,11.6,0.588,0.398,0.302,5.1,11.0,8.0,6.6,1.5,1.0,11.4,13.7,2.0,1.1,3.1,0.092,-1.1,-0.1,-1.2,0.3
187,155,Derrick Favors,C,77,2153,395,702,0.563,14,63,0.222,381,639,0.596,0.573,140,215,0.651,198,354,552,102,54,82,88,164,944,18.8,0.593,0.09,0.306,10.6,18.5,14.6,7.8,1.3,3.2,9.9,18.5,4.5,3.5,8.0,0.179,0.9,0.7,1.5,1.9
192,158,Raymond Felton,PG,82,1365,224,552,0.406,81,230,0.352,143,322,0.444,0.479,36,44,0.818,25,131,156,203,49,16,76,91,565,13.0,0.494,0.417,0.08,2.0,11.0,6.3,22.5,1.8,1.1,11.7,20.4,0.9,1.3,2.2,0.078,-0.3,-0.3,-0.6,0.5
194,160,Yogi Ferrell,SG,82,2282,311,730,0.426,134,359,0.373,177,371,0.477,0.518,82,103,0.796,26,223,249,201,64,9,78,153,838,11.4,0.54,0.492,0.141,1.2,11.2,6.1,13.5,1.4,0.4,9.1,17.0,1.5,1.5,3.0,0.064,-1.3,0.0,-1.4,0.4
196,162,Bryn Forbes,SG,80,1517,209,497,0.421,89,228,0.39,120,269,0.446,0.51,48,72,0.667,12,98,110,80,28,2,37,108,555,9.1,0.525,0.459,0.145,0.9,7.2,4.0,7.8,0.9,0.1,6.5,16.7,0.8,1.3,2.1,0.067,-2.5,-0.6,-3.1,-0.4
198,164,De'Aaron Fox,PG,73,2026,328,797,0.412,47,153,0.307,281,644,0.436,0.441,141,195,0.723,33,171,204,320,70,20,173,163,844,11.2,0.478,0.192,0.245,1.8,10.0,5.7,24.6,1.7,0.9,16.4,23.4,-1.7,1.1,-0.6,-0.014,-2.7,-1.5,-4.2,-1.1
200,166,Enes Freedom,C,71,1830,422,713,0.592,0,2,0.0,422,711,0.594,0.592,156,184,0.848,273,507,780,105,36,37,122,187,1000,24.0,0.63,0.003,0.258,16.6,30.6,23.6,9.4,1.0,1.7,13.3,21.8,5.5,2.1,7.6,0.198,3.3,-1.1,2.2,1.9
207,171,Marc Gasol,C,73,2408,434,1033,0.42,109,320,0.341,325,713,0.456,0.473,281,337,0.834,78,514,592,305,54,101,194,185,1258,17.4,0.532,0.31,0.326,3.7,25.3,14.2,21.7,1.1,3.9,14.1,25.6,1.5,2.6,4.0,0.08,1.7,0.6,2.3,2.7
208,172,Pau Gasol*,C,77,1812,287,627,0.458,43,120,0.358,244,507,0.481,0.492,158,209,0.756,129,490,619,238,24,79,108,121,775,18.9,0.539,0.191,0.333,7.8,30.2,19.0,20.1,0.7,3.6,13.1,20.4,2.7,3.3,6.0,0.159,1.5,1.9,3.4,2.5
210,174,Paul George,SF,79,2891,576,1340,0.43,244,609,0.401,332,731,0.454,0.521,338,411,0.822,72,375,447,263,161,39,212,233,1734,18.7,0.57,0.454,0.307,2.7,14.9,8.6,14.5,2.8,1.2,12.2,25.7,5.0,3.9,8.9,0.147,2.3,0.6,2.9,3.6
213,177,Taj Gibson,PF,82,2726,425,737,0.577,7,35,0.2,418,702,0.595,0.581,142,185,0.768,194,390,584,99,62,59,89,218,999,15.4,0.61,0.047,0.251,8.1,16.7,12.4,5.2,1.1,1.9,9.8,14.7,5.4,1.7,7.2,0.126,0.1,-0.7,-0.5,1.0
214,178,Manu Ginóbili*,SG,65,1299,201,463,0.434,64,192,0.333,137,271,0.506,0.503,110,131,0.84,19,123,142,163,43,16,105,126,576,12.9,0.553,0.415,0.283,1.6,10.6,6.1,19.1,1.7,1.0,16.8,21.5,0.6,1.6,2.2,0.082,-1.5,0.2,-1.3,0.2
217,181,Eric Gordon,SG,69,2154,415,970,0.428,218,608,0.359,197,362,0.544,0.54,195,241,0.809,25,145,170,154,44,27,130,116,1243,15.2,0.578,0.627,0.248,1.3,7.5,4.4,11.7,1.0,1.1,10.8,24.7,2.9,1.8,4.7,0.105,2.0,-1.6,0.4,1.3
218,182,Marcin Gortat,C,82,2075,290,560,0.518,0,0,,290,560,0.518,0.518,110,163,0.675,181,442,623,151,40,61,99,175,690,14.7,0.546,0.0,0.291,9.9,24.0,17.0,10.6,1.0,2.6,13.5,15.5,2.4,2.4,4.9,0.113,-0.8,0.3,-0.6,0.8
220,184,Jerami Grant,PF,81,1647,244,456,0.535,32,110,0.291,212,346,0.613,0.57,162,240,0.675,86,233,319,57,31,77,54,155,682,16.2,0.607,0.241,0.526,5.6,16.3,10.7,5.1,0.9,4.2,8.8,16.0,3.5,1.9,5.4,0.156,0.0,0.3,0.3,1.0
221,185,Jerian Grant,PG,74,1686,209,503,0.416,61,187,0.326,148,316,0.468,0.476,140,188,0.745,31,141,172,342,63,8,89,132,619,14.3,0.528,0.372,0.374,1.9,9.3,5.5,30.1,1.8,0.4,13.2,17.4,2.3,1.0,3.3,0.094,-0.9,-0.5,-1.3,0.3
223,187,Danny Green,SG,70,1791,217,561,0.387,116,320,0.363,101,241,0.419,0.49,50,65,0.769,41,208,249,110,63,80,74,122,600,11.4,0.509,0.57,0.116,2.5,13.0,7.7,8.9,1.8,3.7,11.2,16.6,0.1,2.9,2.9,0.078,-1.0,1.4,0.4,1.1
224,188,Draymond Green,PF,70,2287,281,619,0.454,77,256,0.301,204,363,0.562,0.516,134,173,0.775,75,460,535,508,95,91,202,185,773,16.1,0.556,0.414,0.279,3.9,21.1,13.1,29.0,2.0,3.1,22.5,17.2,2.6,3.4,6.1,0.127,0.9,1.9,2.8,2.8
227,191,Jeff Green,PF,78,1828,295,618,0.477,53,170,0.312,242,448,0.54,0.52,203,234,0.868,60,186,246,99,41,34,75,149,846,14.8,0.587,0.275,0.379,3.7,11.2,7.6,8.0,1.1,1.6,9.4,19.3,3.1,0.8,3.9,0.103,-0.3,-1.5,-1.8,0.1
233,195,James Harden,SG,72,2551,651,1449,0.449,265,722,0.367,386,727,0.531,0.541,624,727,0.858,41,348,389,630,126,50,315,169,2191,29.8,0.619,0.498,0.502,1.8,15.2,8.6,45.1,2.4,1.7,15.1,36.1,11.6,3.8,15.4,0.289,8.5,1.4,9.9,7.7
235,197,Montrezl Harrell,C,76,1293,348,548,0.635,1,7,0.143,347,541,0.641,0.636,139,222,0.626,103,203,306,74,36,52,68,143,836,24.7,0.647,0.013,0.405,8.9,17.0,13.0,10.1,1.4,3.4,9.5,23.8,4.3,1.3,5.5,0.205,3.1,0.2,3.3,1.7
236,198,Devin Harris,PG,71,1340,187,454,0.412,79,227,0.348,108,227,0.476,0.499,142,170,0.835,12,115,127,152,47,12,76,158,595,13.0,0.563,0.5,0.374,1.0,9.8,5.3,16.9,1.8,0.8,12.6,20.2,1.6,0.9,2.5,0.089,-1.5,-0.3,-1.8,0.1
239,199,Gary Harris,SG,67,2304,440,908,0.485,156,394,0.396,284,514,0.553,0.57,134,162,0.827,37,139,176,194,122,15,119,119,1170,16.5,0.597,0.434,0.178,1.8,6.8,4.3,13.0,2.6,0.5,10.8,20.7,3.9,1.5,5.5,0.114,1.0,-0.2,0.8,1.7
240,200,Joe Harris,SG,78,1975,305,621,0.491,150,358,0.419,155,263,0.589,0.612,86,104,0.827,51,209,260,128,35,20,91,153,846,13.3,0.634,0.576,0.167,2.7,11.3,7.0,10.2,0.9,0.8,12.0,16.6,3.0,0.9,4.0,0.097,0.7,-0.6,0.1,1.0
241,201,Tobias Harris,PF,80,2668,562,1221,0.46,183,445,0.411,379,776,0.488,0.535,179,216,0.829,58,379,437,192,71,35,105,164,1486,17.1,0.565,0.364,0.177,2.4,15.7,9.0,11.8,1.3,1.1,7.4,23.3,4.2,2.5,6.7,0.12,2.3,-0.4,1.9,2.6
256,211,John Henson,C,76,1970,287,502,0.572,1,7,0.143,286,495,0.578,0.573,90,158,0.57,150,363,513,114,45,109,84,202,665,15.7,0.582,0.014,0.315,9.0,21.5,15.3,8.6,1.1,4.7,12.8,15.0,2.8,2.2,4.9,0.12,-1.0,0.1,-0.9,0.5
261,214,Mario Hezonja,SF,75,1657,273,617,0.442,90,267,0.337,183,350,0.523,0.515,86,105,0.819,41,240,281,106,81,31,86,134,722,13.7,0.544,0.433,0.17,2.7,16.1,9.3,10.0,2.4,1.5,11.5,19.9,0.5,1.8,2.3,0.066,-0.9,0.4,-0.5,0.6
263,216,Buddy Hield,SG,80,2024,416,933,0.446,176,408,0.431,240,525,0.457,0.54,71,81,0.877,55,252,307,155,85,22,124,148,1079,16.1,0.557,0.437,0.087,3.0,14.8,8.6,12.8,2.1,1.0,11.3,24.3,1.3,1.5,2.8,0.067,1.6,-0.5,1.0,1.5
265,218,George Hill,PG,67,1812,236,513,0.46,85,205,0.415,151,308,0.49,0.543,110,140,0.786,42,139,181,186,61,27,88,128,667,13.3,0.58,0.4,0.273,2.6,8.9,5.7,15.0,1.7,1.3,13.3,16.3,2.3,0.9,3.2,0.085,-0.2,-0.5,-0.8,0.6
270,221,Jrue Holiday,SG,81,2927,615,1244,0.494,120,356,0.337,495,888,0.557,0.543,187,238,0.786,62,303,365,486,123,64,213,201,1537,17.8,0.57,0.286,0.191,2.4,10.8,6.8,24.9,2.0,1.7,13.6,23.1,4.2,2.9,7.1,0.116,1.3,0.3,1.6,2.7
271,222,Justin Holiday,SG,72,2265,290,782,0.371,161,449,0.359,129,333,0.387,0.474,135,164,0.823,31,260,291,153,80,31,93,134,876,10.8,0.513,0.574,0.21,1.4,12.8,6.9,10.1,1.7,1.2,9.8,18.2,0.1,1.6,1.7,0.036,-1.6,-0.3,-1.9,0.0
273,224,Rondae Hollis-Jefferson,SF,68,1920,342,724,0.472,13,54,0.241,329,670,0.491,0.481,249,316,0.788,101,358,459,167,65,48,121,145,946,16.9,0.548,0.075,0.436,5.5,20.0,12.7,14.2,1.6,1.9,12.3,22.2,2.1,2.0,4.1,0.103,-0.3,0.4,0.1,1.0
279,228,Al Horford,C,72,2277,368,753,0.489,97,226,0.429,271,527,0.514,0.553,94,120,0.783,103,427,530,339,43,78,132,138,927,17.6,0.575,0.3,0.159,5.0,20.2,12.7,23.6,0.9,2.9,14.1,18.4,4.0,3.8,7.8,0.165,2.4,2.0,4.4,3.7
281,230,Dwight Howard,C,81,2463,506,911,0.555,1,7,0.143,505,904,0.559,0.556,334,582,0.574,255,757,1012,105,48,131,208,249,1347,20.5,0.577,0.008,0.639,11.0,33.8,22.2,7.1,1.0,4.4,15.1,24.2,2.9,3.9,6.8,0.132,-0.3,0.1,-0.1,1.2
282,231,Josh Huestis,PF,69,982,60,182,0.33,33,115,0.287,27,67,0.403,0.42,6,20,0.3,42,119,161,20,15,43,26,82,159,5.4,0.417,0.632,0.11,4.6,13.9,9.1,2.7,0.8,4.0,12.0,9.5,-0.5,1.0,0.5,0.024,-3.9,0.0,-3.9,-0.5
285,234,Serge Ibaka,PF,76,2093,379,784,0.483,107,297,0.36,272,487,0.559,0.552,94,118,0.797,78,400,478,62,29,99,90,209,959,14.7,0.574,0.379,0.151,4.3,21.0,12.8,4.4,0.7,3.8,9.7,19.4,2.1,3.0,5.1,0.117,-0.1,0.0,-0.1,1.0
287,236,Ersan İlyasova,PF,69,1729,277,613,0.452,91,253,0.36,186,360,0.517,0.526,105,135,0.778,118,287,405,90,61,26,72,157,750,14.9,0.558,0.413,0.22,7.6,18.0,12.9,7.9,1.7,1.3,9.7,18.7,2.2,1.9,4.0,0.112,-0.2,-0.4,-0.6,0.6
290,237,Joe Ingles,SF,82,2578,335,718,0.467,204,464,0.44,131,254,0.516,0.609,66,83,0.795,24,320,344,392,90,20,159,178,940,14.4,0.623,0.646,0.116,1.1,13.9,7.6,22.9,1.8,0.7,17.4,15.9,4.0,3.6,7.6,0.141,1.0,1.3,2.3,2.8
301,246,Josh Jackson,SF,77,1959,389,932,0.417,57,217,0.263,332,715,0.464,0.448,177,279,0.634,95,256,351,119,80,35,146,218,1012,11.8,0.48,0.233,0.299,5.1,14.2,9.6,10.1,2.0,1.4,12.2,26.0,-2.0,1.2,-0.7,-0.018,-2.8,-1.4,-4.2,-1.1
302,247,Justin Jackson,SF,68,1506,185,419,0.442,57,185,0.308,128,234,0.547,0.51,26,36,0.722,27,160,187,74,28,13,40,81,453,9.2,0.521,0.442,0.086,2.0,12.6,7.1,7.2,0.9,0.8,8.4,14.2,0.4,0.5,1.0,0.031,-2.4,-1.1,-3.5,-0.6
304,249,LeBron James,PF,82,3026,857,1580,0.542,149,406,0.367,708,1174,0.603,0.59,388,531,0.731,97,612,709,747,116,71,347,136,2251,28.6,0.621,0.257,0.336,3.7,22.3,13.1,44.4,1.9,2.0,16.1,31.6,11.0,3.0,14.0,0.221,7.3,1.4,8.7,8.2
311,254,Jonas Jerebko,PF,74,1134,159,341,0.466,65,157,0.414,94,184,0.511,0.562,46,57,0.807,53,193,246,42,24,12,27,127,429,13.2,0.586,0.46,0.167,5.4,19.1,12.3,5.7,1.1,0.9,6.9,15.6,1.8,1.6,3.4,0.144,-0.4,0.4,0.1,0.6
312,255,Amir Johnson,C,74,1171,140,260,0.538,10,32,0.313,130,228,0.57,0.558,52,85,0.612,123,207,330,118,45,44,55,192,342,14.9,0.575,0.123,0.327,11.8,18.3,15.2,13.9,1.8,3.1,15.6,12.8,2.1,2.0,4.1,0.169,-1.2,2.2,1.0,0.9
317,258,James Johnson,PF,73,1943,309,614,0.503,57,185,0.308,252,429,0.587,0.55,113,162,0.698,61,297,358,280,70,51,141,192,788,15.8,0.575,0.301,0.264,3.5,17.2,10.3,22.5,1.8,2.2,17.1,19.1,2.2,2.8,5.0,0.123,0.0,1.6,1.6,1.7
322,261,Stanley Johnson,SF,69,1894,210,560,0.375,67,234,0.286,143,326,0.439,0.435,112,145,0.772,33,219,252,112,95,14,77,169,599,9.0,0.48,0.418,0.259,1.9,13.0,7.3,8.5,2.5,0.7,11.0,16.4,-0.6,2.4,1.8,0.046,-4.0,1.1,-2.9,-0.4
323,262,Tyler Johnson,PG,72,2052,309,711,0.435,119,324,0.367,190,387,0.491,0.518,106,129,0.822,34,214,248,165,60,34,81,148,843,13.0,0.549,0.456,0.181,1.9,11.7,6.8,12.4,1.5,1.4,9.5,18.6,1.9,2.3,4.2,0.097,-0.5,0.2,-0.3,0.9
324,263,Wesley Johnson,SF,74,1486,150,368,0.408,60,177,0.339,90,191,0.471,0.489,43,58,0.741,29,187,216,61,76,62,55,146,403,9.8,0.512,0.481,0.158,2.2,13.6,8.0,5.6,2.5,3.5,12.3,13.0,-0.1,1.7,1.7,0.055,-2.5,1.7,-0.7,0.5
325,264,Nikola Jokić,C,75,2443,504,1010,0.499,111,280,0.396,393,730,0.538,0.554,266,313,0.85,195,608,803,458,90,61,210,212,1385,24.4,0.603,0.277,0.31,9.0,27.9,18.5,29.6,1.8,2.1,15.5,24.2,7.8,2.9,10.7,0.211,5.3,1.6,6.9,5.5
333,268,Tyus Jones,PG,82,1467,150,328,0.457,45,129,0.349,105,199,0.528,0.526,71,81,0.877,16,116,132,232,95,6,59,110,416,14.1,0.572,0.393,0.247,1.2,9.2,5.2,21.2,3.2,0.4,14.0,12.7,2.3,1.2,3.6,0.117,-0.8,1.7,0.8,1.1
334,269,DeAndre Jordan,C,77,2424,373,578,0.645,0,0,,373,578,0.645,0.645,181,312,0.58,329,842,1171,117,39,71,137,203,927,20.2,0.648,0.0,0.54,15.1,37.6,26.5,7.1,0.8,2.4,16.1,15.2,6.0,3.4,9.4,0.186,1.7,-0.3,1.4,2.1
335,270,Cory Joseph,PG,82,2210,256,604,0.424,67,190,0.353,189,414,0.457,0.479,70,94,0.745,39,224,263,260,80,18,87,141,649,11.0,0.503,0.315,0.156,2.0,11.4,6.7,16.1,1.8,0.7,11.9,14.8,1.2,2.0,3.1,0.068,-1.8,0.3,-1.5,0.3
336,271,Frank Kaminsky,PF,79,1835,307,716,0.429,104,274,0.38,203,442,0.459,0.501,155,194,0.799,46,242,288,129,36,19,66,95,873,14.4,0.545,0.383,0.271,2.7,14.5,8.5,11.0,1.0,0.9,7.6,20.5,2.3,1.3,3.6,0.094,0.6,-0.8,-0.2,0.8
337,272,Luke Kennard,SG,73,1463,206,465,0.443,81,195,0.415,125,270,0.463,0.53,65,76,0.855,21,155,176,124,44,13,69,86,558,12.1,0.56,0.419,0.163,1.6,11.9,6.6,12.7,1.5,0.8,12.2,17.2,1.1,1.4,2.6,0.085,-0.9,0.1,-0.8,0.5
338,273,Michael Kidd-Gilchrist,SF,74,1850,282,560,0.504,0,2,0.0,282,558,0.505,0.504,117,171,0.684,84,218,302,71,51,32,53,143,681,12.5,0.536,0.004,0.305,4.8,13.0,8.8,5.9,1.3,1.4,7.7,16.1,1.7,1.6,3.3,0.084,-2.1,0.0,-2.1,-0.1
344,275,Maxi Kleber,PF,72,1206,151,309,0.489,40,128,0.313,111,181,0.613,0.553,44,59,0.746,71,163,234,51,26,47,30,114,386,13.4,0.576,0.414,0.191,6.3,15.6,10.8,6.4,1.1,3.5,8.2,13.7,1.6,1.2,2.8,0.113,-1.0,0.5,-0.5,0.5
347,278,Kyle Korver,SG,73,1574,222,484,0.459,164,376,0.436,58,108,0.537,0.628,64,72,0.889,9,156,165,88,31,27,55,130,672,13.4,0.652,0.777,0.149,0.7,10.9,5.9,8.0,1.0,1.5,9.6,16.0,2.8,0.6,3.4,0.104,1.5,-1.2,0.2,0.9
348,279,Kosta Koufos,C,71,1391,222,389,0.571,0,0,,222,389,0.571,0.571,33,74,0.446,149,323,472,87,47,32,49,146,477,17.5,0.566,0.0,0.19,11.7,27.6,19.3,9.7,1.7,2.2,10.4,15.2,2.3,1.5,3.9,0.134,-0.2,-0.2,-0.4,0.6
349,280,Kyle Kuzma,PF,77,2401,468,1039,0.45,159,434,0.366,309,605,0.511,0.527,147,208,0.707,88,395,483,141,49,34,140,160,1242,14.2,0.549,0.418,0.2,3.9,17.4,10.7,9.1,1.0,1.1,11.0,22.5,1.5,2.3,3.8,0.077,0.3,-1.0,-0.7,0.8
352,283,Jeremy Lamb,SG,80,1967,380,832,0.457,94,254,0.37,286,578,0.495,0.513,179,208,0.861,49,275,324,186,61,32,93,138,1033,17.0,0.559,0.305,0.25,2.7,15.4,8.9,15.4,1.5,1.4,9.1,22.4,3.0,1.9,4.9,0.12,1.3,0.2,1.6,1.8
358,289,Courtney Lee,SG,76,2310,343,755,0.454,113,278,0.406,230,477,0.482,0.529,114,124,0.919,30,194,224,180,80,17,84,109,913,13.0,0.564,0.368,0.164,1.4,9.3,5.4,11.3,1.7,0.6,9.4,16.9,2.7,1.2,3.9,0.082,-0.1,-0.2,-0.3,1.0
361,292,Alex Len,C,69,1395,214,378,0.566,1,3,0.333,213,375,0.568,0.567,158,231,0.684,175,343,518,82,27,61,78,158,587,19.4,0.612,0.008,0.611,13.2,26.7,19.8,9.1,0.9,3.5,14.0,17.0,3.2,1.3,4.5,0.154,0.6,-0.3,0.3,0.8
365,296,Caris LeVert,SF,71,1864,320,735,0.435,85,245,0.347,235,490,0.48,0.493,133,187,0.711,53,207,260,299,82,22,153,159,858,14.2,0.525,0.333,0.254,3.0,11.9,7.4,26.0,2.1,0.9,15.8,22.5,0.7,1.6,2.3,0.058,-0.8,0.0,-0.8,0.6
369,298,Damian Lillard,PG,73,2670,621,1415,0.439,227,629,0.361,394,786,0.501,0.519,493,538,0.916,62,263,325,481,77,27,206,117,1962,25.2,0.594,0.445,0.38,2.6,10.6,6.6,30.9,1.4,0.8,11.1,30.6,9.9,2.7,12.6,0.227,7.0,0.3,7.2,6.3
371,300,Shaun Livingston,PG,71,1129,172,343,0.501,0,5,0.0,172,338,0.509,0.501,50,61,0.82,32,99,131,140,35,21,58,117,394,11.6,0.533,0.015,0.178,3.4,9.2,6.5,16.8,1.5,1.5,13.6,16.6,0.9,0.9,1.8,0.077,-2.8,-0.4,-3.1,-0.3
372,301,Kevon Looney,C,66,910,112,193,0.58,1,5,0.2,111,188,0.59,0.583,42,77,0.545,83,132,215,42,34,56,31,106,267,14.8,0.588,0.026,0.399,11.0,15.2,13.2,6.0,1.8,4.9,12.0,12.4,1.5,1.3,2.8,0.145,-1.2,1.0,-0.2,0.4
373,302,Brook Lopez,C,74,1735,369,793,0.465,112,325,0.345,257,468,0.549,0.536,111,158,0.703,74,220,294,126,30,98,98,195,961,16.5,0.557,0.41,0.199,4.6,13.4,9.0,11.6,0.8,4.6,10.2,23.5,1.9,1.9,3.8,0.105,0.7,0.2,0.9,1.3
376,305,Kyle Lowry,PG,78,2510,403,944,0.427,238,596,0.399,165,348,0.474,0.553,223,261,0.854,66,368,434,537,85,19,183,192,1267,19.5,0.598,0.631,0.276,3.0,16.1,9.7,30.9,1.7,0.6,14.7,21.7,7.0,3.1,10.2,0.194,4.7,0.5,5.2,4.5
379,308,Trey Lyles,PF,73,1391,270,550,0.491,83,218,0.381,187,332,0.563,0.566,101,143,0.706,55,292,347,91,30,34,61,111,724,17.9,0.591,0.396,0.26,4.5,23.5,14.0,10.1,1.1,2.0,9.1,21.1,2.7,1.2,3.9,0.135,2.0,-0.7,1.3,1.1
380,309,Shelvin Mack,PG,69,1365,178,414,0.43,48,139,0.345,130,275,0.473,0.488,69,97,0.711,23,143,166,272,54,8,89,91,473,13.3,0.518,0.336,0.234,1.8,11.6,6.7,29.5,1.9,0.5,16.3,17.6,1.0,1.0,1.9,0.069,-1.2,-0.2,-1.4,0.2
382,311,Ian Mahinmi,C,77,1145,138,248,0.556,0,2,0.0,138,246,0.561,0.556,90,128,0.703,135,177,312,53,38,42,100,230,366,12.2,0.601,0.008,0.516,13.4,17.4,15.4,6.6,1.6,3.2,24.7,15.6,0.8,1.4,2.2,0.093,-4.6,0.2,-4.4,-0.7
383,312,Thon Maker,C,74,1238,130,316,0.411,31,104,0.298,99,212,0.467,0.46,65,93,0.699,75,150,225,46,38,53,44,162,356,10.2,0.499,0.329,0.294,7.1,14.1,10.6,5.2,1.5,3.7,11.0,14.6,0.3,1.1,1.5,0.056,-3.2,-0.4,-3.5,-0.5
387,314,Lauri Markkanen,PF,68,2020,374,862,0.434,145,401,0.362,229,461,0.497,0.518,140,166,0.843,79,429,508,79,39,40,83,103,1033,15.6,0.552,0.465,0.193,4.0,23.7,13.5,6.4,0.9,1.8,8.2,21.9,1.7,1.6,3.3,0.079,1.0,-1.2,-0.2,0.9
388,315,Jarell Martin,PF,73,1661,221,496,0.446,34,98,0.347,187,398,0.47,0.48,89,116,0.767,97,221,318,73,39,49,86,211,565,10.5,0.516,0.198,0.234,6.6,15.8,11.1,7.0,1.2,2.8,13.6,17.1,0.1,1.2,1.3,0.038,-3.3,-0.7,-4.0,-0.8
395,322,CJ McCollum,SG,81,2923,667,1505,0.443,189,476,0.397,478,1029,0.465,0.506,209,250,0.836,53,268,321,272,77,35,151,168,1732,17.0,0.536,0.316,0.166,2.0,9.9,6.0,15.8,1.3,1.0,8.6,26.5,3.7,2.9,6.6,0.108,1.8,-0.5,1.2,2.4
396,323,T.J. McConnell,PG,76,1706,210,421,0.499,27,62,0.435,183,359,0.51,0.531,31,39,0.795,37,189,226,303,92,13,112,122,478,12.5,0.545,0.147,0.093,2.4,11.5,7.1,24.5,2.6,0.6,20.4,13.8,1.3,2.5,3.8,0.108,-1.9,1.9,0.0,0.9
399,326,Doug McDermott,SF,81,1768,237,508,0.467,92,216,0.426,145,292,0.497,0.557,64,81,0.79,40,160,200,79,19,16,56,122,630,10.4,0.579,0.425,0.159,2.5,10.2,6.3,6.5,0.5,0.8,9.3,15.0,1.7,0.6,2.3,0.063,-1.0,-1.3,-2.2,-0.1
402,327,JaVale McGee,C,65,615,136,219,0.621,0,6,0.0,136,213,0.638,0.621,38,52,0.731,59,110,169,33,21,57,27,91,310,22.3,0.641,0.027,0.237,11.5,18.7,15.4,8.0,1.6,7.3,10.0,19.2,1.7,1.1,2.7,0.212,0.3,1.2,1.5,0.5
408,333,Jodie Meeks,SG,77,1119,157,393,0.399,72,210,0.343,85,183,0.464,0.491,101,117,0.863,15,111,126,70,29,4,37,55,487,12.4,0.548,0.534,0.298,1.5,11.2,6.4,9.1,1.3,0.3,7.7,19.0,1.3,0.8,2.0,0.087,-0.3,-0.8,-1.1,0.3
411,336,Khris Middleton,SF,82,2982,593,1272,0.466,146,407,0.359,447,865,0.517,0.524,320,362,0.884,45,384,429,328,119,21,191,270,1652,17.4,0.577,0.32,0.285,1.8,15.0,8.4,17.7,2.0,0.6,11.8,24.6,4.6,2.3,6.9,0.111,0.8,-0.8,0.0,1.5
412,337,C.J. Miles,SF,70,1337,227,599,0.379,164,454,0.361,63,145,0.434,0.516,81,97,0.835,18,134,152,55,37,21,39,134,699,13.0,0.545,0.758,0.162,1.5,11.0,6.4,6.0,1.4,1.3,5.7,22.3,1.4,1.5,2.9,0.103,1.0,-0.7,0.3,0.8
413,338,Darius Miller,SF,82,1944,216,487,0.444,147,358,0.411,69,129,0.535,0.594,58,67,0.866,18,146,164,111,28,17,58,160,637,9.3,0.617,0.735,0.138,1.0,7.9,4.6,7.5,0.7,0.7,10.1,12.8,2.1,0.9,3.0,0.075,-1.1,-0.8,-1.9,0.1
415,340,Patty Mills,PG,82,2107,280,682,0.411,154,414,0.372,126,268,0.47,0.523,105,118,0.89,26,128,154,229,55,11,106,128,819,11.8,0.558,0.607,0.173,1.4,6.8,4.1,16.0,1.3,0.4,12.6,17.8,2.0,2.1,4.1,0.093,-0.6,-0.4,-1.0,0.5
420,343,Donovan Mitchell,SG,79,2638,595,1362,0.437,187,550,0.34,408,812,0.502,0.506,239,297,0.805,52,244,296,291,118,27,215,213,1616,16.7,0.541,0.404,0.218,2.3,10.4,6.4,19.4,2.2,0.9,12.6,29.1,1.4,3.8,5.2,0.095,0.9,0.3,1.2,2.2
429,349,E'Twaun Moore,SG,82,2586,423,832,0.508,128,301,0.425,295,531,0.556,0.585,48,68,0.706,57,181,238,187,79,12,102,182,1022,12.1,0.593,0.362,0.082,2.5,7.3,5.0,10.1,1.5,0.4,10.6,16.1,2.8,1.6,4.4,0.081,-1.0,-0.5,-1.6,0.3
430,350,Eric Moreland,PF,67,805,66,122,0.541,0,0,,66,122,0.541,0.541,11,29,0.379,81,197,278,78,31,51,42,116,143,13.9,0.531,0.0,0.238,10.9,27.6,19.1,13.3,1.9,5.6,23.8,9.7,0.7,1.6,2.3,0.135,-2.8,3.3,0.5,0.5
433,353,Markieff Morris,PF,73,1968,330,687,0.48,76,207,0.367,254,480,0.529,0.536,105,128,0.82,75,334,409,142,56,38,127,216,841,13.2,0.566,0.301,0.186,4.3,19.2,11.8,11.0,1.4,1.7,14.6,19.5,1.2,2.1,3.3,0.08,-1.3,0.1,-1.3,0.4
444,360,Dejounte Murray,PG,81,1743,270,609,0.443,9,34,0.265,261,575,0.454,0.451,105,148,0.709,110,349,459,231,97,31,134,151,654,15.1,0.485,0.056,0.243,7.0,22.4,14.6,20.2,2.8,1.5,16.6,20.7,-0.2,3.4,3.2,0.087,-1.6,2.2,0.5,1.1
445,361,Jamal Murray,PG,81,2565,479,1062,0.451,165,436,0.378,314,626,0.502,0.529,229,253,0.905,82,215,297,274,79,28,172,173,1352,16.1,0.576,0.411,0.238,3.6,9.4,6.5,16.4,1.5,0.9,12.8,22.8,4.3,1.2,5.5,0.103,1.2,-1.5,-0.3,1.1
448,364,Larry Nance Jr.,C,66,1421,240,413,0.581,2,12,0.167,238,401,0.594,0.584,91,137,0.664,161,291,452,82,88,38,51,172,573,20.2,0.605,0.029,0.332,12.4,22.0,17.3,8.6,3.0,2.2,9.7,15.9,3.5,2.3,5.8,0.196,0.9,1.5,2.4,1.6
451,365,Shabazz Napier,PG,74,1535,223,531,0.42,82,218,0.376,141,313,0.45,0.497,116,138,0.841,26,144,170,150,81,14,90,84,644,14.2,0.544,0.411,0.26,1.9,10.1,6.0,14.6,2.6,0.7,13.2,19.5,1.2,2.0,3.2,0.101,-0.7,1.4,0.7,1.0
460,372,Dirk Nowitzki*,C,77,1900,346,758,0.456,138,337,0.409,208,421,0.494,0.547,97,108,0.898,22,416,438,120,43,45,51,146,927,16.7,0.575,0.445,0.142,1.2,25.2,12.8,10.4,1.1,2.1,6.0,20.5,2.6,2.2,4.8,0.121,1.7,0.6,2.3,2.1
461,373,Frank Ntilikina,PG,78,1706,182,500,0.364,50,157,0.318,132,343,0.385,0.414,49,68,0.721,37,140,177,250,65,18,131,181,463,7.0,0.437,0.314,0.136,2.4,9.1,5.8,20.0,1.9,0.9,19.8,16.9,-2.0,1.1,-0.9,-0.026,-4.5,-0.5,-5.0,-1.3
462,374,Jusuf Nurkić,C,79,2088,480,951,0.505,0,7,0.0,480,944,0.508,0.505,172,273,0.63,189,519,708,143,64,111,183,247,1132,19.2,0.528,0.007,0.287,10.0,26.9,18.5,11.7,1.5,4.3,14.6,26.4,0.8,3.9,4.7,0.108,-1.1,1.1,0.0,1.1
463,375,David Nwaba,SG,70,1646,202,423,0.478,18,52,0.346,184,371,0.496,0.499,133,203,0.655,89,237,326,104,59,29,77,158,555,12.2,0.542,0.123,0.48,5.6,16.0,10.6,9.4,1.7,1.6,13.1,15.6,1.1,1.4,2.4,0.071,-2.7,0.2,-2.5,-0.2
465,377,Royce O'Neale,SF,69,1150,120,284,0.423,42,118,0.356,78,166,0.47,0.496,61,76,0.803,25,211,236,95,36,16,55,105,343,10.8,0.54,0.415,0.268,2.5,20.6,11.7,12.0,1.6,1.2,14.8,14.6,0.5,1.8,2.4,0.099,-2.0,1.8,-0.2,0.5
466,378,Kyle O'Quinn,C,77,1387,224,384,0.583,4,17,0.235,220,367,0.599,0.589,98,127,0.772,121,349,470,158,36,98,100,192,550,20.0,0.625,0.044,0.331,9.7,27.8,18.8,16.8,1.3,6.1,18.5,17.0,2.7,2.1,4.8,0.166,0.4,2.6,3.1,1.8
467,379,Semi Ojeleye,PF,73,1150,65,188,0.346,40,125,0.32,25,63,0.397,0.452,25,41,0.61,37,124,161,20,21,4,25,91,195,4.6,0.473,0.665,0.218,3.6,11.6,7.7,2.4,0.9,0.3,10.8,9.0,-0.2,1.3,1.2,0.048,-4.6,-0.1,-4.7,-0.8
472,382,Victor Oladipo,SG,75,2552,640,1342,0.477,161,434,0.371,479,908,0.528,0.537,294,368,0.799,47,343,390,323,177,57,219,175,1735,23.1,0.577,0.323,0.274,2.1,15.1,8.6,21.2,3.5,2.0,12.7,30.1,4.3,4.0,8.2,0.155,4.1,1.7,5.8,5.0
473,383,Kelly Olynyk,PF,76,1779,316,636,0.497,106,280,0.379,210,356,0.59,0.58,134,174,0.77,89,342,431,207,62,35,147,222,872,17.8,0.612,0.44,0.274,5.6,21.6,13.6,18.7,1.7,1.7,17.1,21.7,2.8,2.7,5.5,0.148,1.1,1.2,2.3,1.9
476,386,Kelly Oubre Jr.,SF,81,2231,318,790,0.403,126,369,0.341,192,421,0.456,0.482,191,233,0.82,59,304,363,98,80,35,90,234,953,11.9,0.534,0.467,0.295,3.0,15.4,9.2,6.4,1.8,1.4,9.2,19.4,1.4,2.3,3.7,0.08,-1.6,-0.1,-1.7,0.2
477,387,Zaza Pachulia,C,69,972,149,264,0.564,0,1,0.0,149,263,0.567,0.564,75,93,0.806,89,232,321,109,38,17,72,122,373,17.0,0.612,0.004,0.352,11.0,25.0,18.5,15.2,1.9,1.4,19.1,17.0,1.8,1.4,3.3,0.161,-0.7,0.7,0.0,0.5
485,393,Patrick Patterson,PF,82,1270,106,266,0.398,66,171,0.386,40,95,0.421,0.523,40,46,0.87,32,161,193,57,48,23,33,87,318,10.0,0.555,0.643,0.173,2.7,14.6,8.4,6.1,1.9,1.6,10.3,10.8,1.2,1.4,2.6,0.098,-1.2,1.0,-0.2,0.6
501,405,Mason Plumlee,C,74,1439,221,368,0.601,0,1,0.0,221,367,0.602,0.601,82,179,0.458,132,268,400,142,49,81,103,184,524,16.9,0.586,0.003,0.486,10.4,20.9,15.6,14.4,1.7,4.7,18.7,16.6,1.8,1.8,3.6,0.12,-1.0,1.4,0.5,0.9
503,407,Jakob Poeltl,C,82,1524,253,384,0.659,1,2,0.5,252,382,0.66,0.66,60,101,0.594,165,228,393,57,39,100,85,212,567,17.5,0.662,0.005,0.263,12.4,16.4,14.4,5.4,1.3,5.2,16.6,14.8,3.1,2.4,5.6,0.175,-0.7,1.1,0.4,0.9
505,409,Otto Porter Jr.,SF,77,2432,445,885,0.503,138,313,0.441,307,572,0.537,0.581,106,128,0.828,103,389,492,157,116,41,75,151,1134,18.3,0.602,0.354,0.145,4.8,18.1,11.4,10.1,2.4,1.5,7.4,18.4,5.0,3.1,8.1,0.161,2.6,1.0,3.5,3.4
506,410,Bobby Portis,PF,73,1643,382,811,0.471,80,223,0.359,302,588,0.514,0.52,120,156,0.769,159,339,498,123,50,23,103,130,964,19.7,0.548,0.275,0.192,10.0,23.0,16.2,13.2,1.5,1.3,10.5,26.0,2.0,1.5,3.5,0.101,2.2,-1.3,0.8,1.2
508,412,Dwight Powell,C,79,1672,255,430,0.593,28,84,0.333,227,346,0.656,0.626,133,185,0.719,135,309,444,91,67,32,59,186,671,18.8,0.656,0.195,0.43,8.7,21.3,14.7,8.5,2.0,1.7,10.3,15.5,4.6,2.1,6.6,0.191,0.6,1.0,1.6,1.5
509,413,Norman Powell,SG,70,1062,150,374,0.401,53,186,0.285,97,188,0.516,0.472,32,39,0.821,14,105,119,89,37,16,66,111,385,8.5,0.492,0.497,0.104,1.5,10.9,6.3,11.8,1.7,1.2,14.4,18.9,-0.6,1.2,0.6,0.027,-3.2,0.2,-2.9,-0.3
511,415,Taurean Prince,SF,82,2464,415,975,0.426,176,457,0.385,239,518,0.461,0.516,152,180,0.844,50,339,389,214,85,42,191,168,1158,12.8,0.549,0.469,0.185,2.3,15.3,8.8,13.9,1.7,1.5,15.3,22.1,0.0,2.0,2.0,0.038,-0.5,-0.6,-1.1,0.6
517,421,Julius Randle,C,82,2190,504,904,0.558,10,45,0.222,494,859,0.575,0.563,305,425,0.718,181,473,654,210,43,45,213,274,1323,19.9,0.606,0.05,0.47,8.9,22.8,15.9,15.8,0.9,1.7,16.3,25.3,4.0,2.6,6.6,0.145,0.6,0.0,0.6,1.4
520,424,JJ Redick,SG,70,2116,404,879,0.46,193,460,0.42,211,419,0.504,0.569,197,218,0.904,9,169,178,210,35,6,103,123,1198,15.9,0.614,0.523,0.248,0.5,8.3,4.5,15.1,0.8,0.2,9.6,21.7,4.8,1.8,6.6,0.15,2.2,-1.1,1.1,1.7
525,427,Josh Richardson,SF,81,2689,399,885,0.451,127,336,0.378,272,549,0.495,0.523,120,142,0.845,69,216,285,231,121,75,140,199,1045,13.6,0.551,0.38,0.16,2.9,9.0,6.0,13.2,2.3,2.4,12.9,18.2,1.8,3.5,5.4,0.096,-0.6,1.3,0.7,1.8
533,433,Rajon Rondo,PG,65,1705,231,494,0.468,50,150,0.333,181,344,0.526,0.518,25,46,0.543,31,232,263,533,70,10,151,119,537,15.3,0.522,0.304,0.093,2.0,14.2,8.4,42.2,2.0,0.5,22.7,16.9,1.9,1.7,3.6,0.101,0.0,-0.4,-0.3,0.7
538,436,Terry Rozier,PG,80,2068,316,800,0.395,153,402,0.381,163,398,0.41,0.491,115,149,0.772,63,313,376,232,80,19,80,123,900,15.1,0.52,0.503,0.186,3.4,16.3,9.9,17.5,1.9,0.8,8.5,20.4,2.2,3.4,5.6,0.13,0.9,1.2,2.1,2.1
539,437,Ricky Rubio,PG,77,2254,346,827,0.418,96,273,0.352,250,554,0.451,0.476,220,254,0.866,44,307,351,410,121,11,207,206,1008,15.4,0.537,0.33,0.307,2.2,15.3,8.8,28.4,2.7,0.4,18.1,22.9,1.5,3.8,5.3,0.112,-0.7,1.5,0.7,1.6
541,439,Domantas Sabonis,C,74,1810,340,661,0.514,13,37,0.351,327,624,0.524,0.524,168,224,0.75,165,407,572,151,40,32,137,220,861,17.5,0.567,0.056,0.339,10.4,25.2,17.8,12.7,1.1,1.6,15.3,22.1,2.5,2.2,4.7,0.126,-0.6,-0.5,-1.1,0.4
543,441,Dario Šarić,PF,78,2310,403,890,0.453,157,399,0.393,246,491,0.501,0.541,178,207,0.86,154,366,520,202,51,20,148,160,1141,15.8,0.582,0.448,0.233,7.5,16.4,12.1,13.0,1.1,0.7,13.1,20.9,3.8,2.8,6.6,0.137,1.8,-0.5,1.3,1.9
544,442,Tomáš Satoranský,SG,73,1643,201,384,0.523,47,101,0.465,154,283,0.544,0.585,75,96,0.781,72,161,233,286,52,15,83,131,524,15.4,0.615,0.263,0.25,5.0,11.1,8.0,24.8,1.6,0.8,16.3,13.7,3.7,1.3,5.0,0.145,0.8,0.5,1.2,1.3
545,443,Dennis Schröder,PG,67,2078,500,1146,0.436,76,262,0.29,424,884,0.48,0.469,225,265,0.849,44,164,208,417,72,6,183,147,1301,17.3,0.515,0.229,0.231,2.4,8.8,5.6,36.2,1.7,0.2,12.7,30.4,1.5,1.0,2.6,0.059,1.2,-1.9,-0.6,0.7
546,444,Mike Scott,PF,76,1406,276,524,0.527,66,163,0.405,210,361,0.582,0.59,50,76,0.658,50,197,247,80,23,10,79,148,668,13.6,0.599,0.311,0.145,4.0,15.8,9.9,9.1,0.8,0.6,12.4,20.0,1.4,1.0,2.5,0.085,-0.6,-1.1,-1.7,0.1
553,449,Pascal Siakam,PF,81,1679,253,498,0.508,29,132,0.22,224,366,0.612,0.537,54,87,0.621,79,285,364,159,62,42,67,166,589,14.5,0.549,0.265,0.175,5.4,18.6,12.1,13.5,1.8,2.0,11.1,15.7,2.1,2.5,4.7,0.133,-0.3,1.6,1.3,1.4
555,451,Ben Simmons,PG,81,2732,544,998,0.545,0,11,0.0,544,987,0.551,0.545,191,341,0.56,145,514,659,661,140,70,278,211,1279,20.0,0.557,0.011,0.342,5.9,19.5,13.0,37.4,2.5,2.1,19.5,22.3,4.2,5.0,9.2,0.162,2.0,2.5,4.5,4.5
556,452,Jonathon Simmons,SG,69,2029,354,761,0.465,69,204,0.338,285,557,0.512,0.511,185,241,0.768,61,178,239,171,58,16,146,175,962,12.7,0.555,0.268,0.317,3.3,9.7,6.5,13.3,1.4,0.6,14.4,22.0,0.8,1.1,1.9,0.045,-1.7,-1.3,-3.1,-0.5
560,456,Dennis Smith Jr.,PG,69,2049,404,1024,0.395,106,339,0.313,298,685,0.435,0.446,134,193,0.694,50,210,260,358,71,18,194,152,1048,12.8,0.473,0.331,0.188,2.6,11.8,7.0,29.5,1.7,0.8,14.9,28.9,-2.4,1.7,-0.7,-0.017,-1.2,-1.2,-2.4,-0.2
561,457,Ish Smith,PG,82,2043,389,801,0.486,35,101,0.347,354,700,0.506,0.507,81,116,0.698,27,197,224,360,64,20,108,140,894,15.4,0.525,0.126,0.145,1.4,10.9,6.1,28.4,1.6,0.9,11.2,20.8,2.4,2.0,4.4,0.102,-0.3,0.3,0.0,1.0
562,458,J.R. Smith,SG,80,2244,240,595,0.403,143,381,0.375,97,214,0.453,0.524,39,56,0.696,29,206,235,141,68,11,81,161,662,8.4,0.534,0.64,0.094,1.5,10.1,5.9,8.6,1.5,0.4,11.6,13.8,0.6,0.9,1.4,0.031,-2.1,-0.9,-3.0,-0.6
565,461,Tony Snell,SG,75,2053,185,425,0.435,108,268,0.403,77,157,0.49,0.562,38,48,0.792,9,132,141,98,47,28,36,115,516,8.5,0.578,0.631,0.113,0.5,7.5,4.0,6.5,1.1,1.2,7.5,10.6,1.6,0.7,2.4,0.056,-1.5,-0.8,-2.3,-0.1
570,464,Lance Stephenson,SG,82,1850,303,709,0.427,67,232,0.289,236,477,0.495,0.475,84,127,0.661,62,362,424,235,46,17,131,177,757,12.4,0.495,0.327,0.179,3.8,22.0,12.9,18.6,1.2,0.8,14.6,21.6,-0.2,2.0,1.8,0.046,-1.5,-0.3,-1.8,0.1
575,469,Jayson Tatum,SF,80,2443,397,835,0.475,105,242,0.434,292,593,0.492,0.538,213,258,0.826,50,352,402,128,83,58,114,170,1112,15.2,0.586,0.29,0.309,2.3,15.6,9.0,8.3,1.7,2.0,10.7,19.4,3.0,4.0,7.1,0.139,0.0,1.2,1.2,2.0
576,470,Isaiah Taylor,PG,67,1167,163,390,0.418,20,80,0.25,143,310,0.461,0.444,99,141,0.702,22,72,94,206,34,10,84,116,445,10.9,0.492,0.205,0.362,2.1,6.9,4.5,27.0,1.4,0.7,15.7,20.1,0.2,0.5,0.6,0.027,-3.1,-1.3,-4.4,-0.7
577,471,Jeff Teague,PG,70,2311,354,794,0.446,84,228,0.368,270,566,0.477,0.499,202,239,0.845,24,185,209,492,102,23,177,171,994,16.4,0.553,0.287,0.301,1.2,9.3,5.2,30.6,2.2,0.9,16.4,20.6,3.4,1.4,4.9,0.101,1.1,-0.7,0.4,1.4
580,474,Garrett Temple,SG,65,1615,199,476,0.418,89,227,0.392,110,249,0.442,0.512,60,78,0.769,22,130,152,124,57,27,79,135,547,10.2,0.536,0.477,0.164,1.5,9.6,5.4,11.3,1.8,1.6,13.4,16.4,0.3,0.9,1.2,0.035,-2.2,-0.3,-2.5,-0.2
587,479,Lance Thomas,PF,73,1353,102,267,0.382,50,124,0.403,52,143,0.364,0.476,44,53,0.83,44,131,175,44,30,14,40,134,298,6.3,0.513,0.464,0.199,3.6,10.7,7.2,4.2,1.1,0.9,12.1,10.7,0.3,0.6,0.9,0.031,-3.2,-0.5,-3.7,-0.6
588,480,Klay Thompson,SG,73,2506,575,1179,0.488,229,521,0.44,346,658,0.526,0.585,82,98,0.837,31,246,277,185,55,34,128,117,1461,16.0,0.598,0.442,0.083,1.5,10.3,6.2,11.2,1.1,1.1,9.5,23.7,3.1,1.8,4.9,0.094,1.7,-2.1,-0.4,1.0
590,482,Sindarius Thornwell,SG,73,1156,100,233,0.429,23,61,0.377,77,172,0.448,0.479,59,88,0.67,33,107,140,68,48,25,53,125,282,8.2,0.519,0.262,0.378,3.2,10.0,6.7,7.8,2.0,1.8,16.3,12.1,0.1,0.9,1.0,0.041,-3.4,1.0,-2.4,-0.1
591,483,Anthony Tolliver,PF,79,1757,219,472,0.464,159,365,0.436,60,107,0.561,0.632,106,133,0.797,50,191,241,90,32,21,58,144,703,13.9,0.663,0.773,0.282,3.1,12.3,7.6,7.5,0.9,1.1,9.9,14.8,3.8,1.5,5.3,0.146,1.2,-0.3,0.9,1.3
592,484,Karl-Anthony Towns,C,82,2918,639,1172,0.545,120,285,0.421,519,887,0.585,0.596,345,402,0.858,238,774,1012,199,64,115,159,285,1743,24.9,0.646,0.243,0.343,9.3,30.9,20.0,10.8,1.1,3.5,10.5,22.9,10.6,3.4,14.0,0.23,4.9,0.2,5.1,5.2
593,485,P.J. Tucker,PF,82,2281,172,441,0.39,115,310,0.371,57,131,0.435,0.52,43,60,0.717,93,364,457,77,78,26,74,205,502,8.3,0.537,0.703,0.136,4.6,17.8,11.3,4.6,1.7,1.0,13.7,10.5,1.0,3.0,3.9,0.082,-1.9,0.8,-1.1,0.5
594,486,Evan Turner,SF,79,2034,258,577,0.447,42,132,0.318,216,445,0.485,0.484,91,107,0.85,30,214,244,173,47,29,99,163,649,9.9,0.52,0.229,0.185,1.6,11.4,6.5,12.4,1.1,1.2,13.7,15.6,0.5,2.1,2.6,0.061,-2.9,0.4,-2.5,-0.3
595,487,Myles Turner,C,65,1836,306,639,0.479,56,157,0.357,250,482,0.519,0.523,160,206,0.777,93,324,417,87,38,118,96,186,828,16.6,0.567,0.246,0.322,5.8,19.8,12.8,7.0,1.0,5.7,11.6,20.0,2.2,2.5,4.7,0.122,-0.6,0.4,-0.2,0.8
597,489,Tyler Ulis,PG,71,1658,214,551,0.388,42,146,0.288,172,405,0.425,0.426,84,101,0.832,24,104,128,311,70,7,127,120,554,10.1,0.465,0.265,0.183,1.5,6.8,4.1,28.0,2.0,0.3,17.6,18.5,-0.7,0.5,-0.2,-0.006,-3.0,-1.4,-4.4,-1.0
598,490,Jonas Valančiūnas,C,77,1727,390,687,0.568,30,74,0.405,360,613,0.587,0.59,170,211,0.806,183,477,660,81,29,69,115,192,980,22.5,0.628,0.108,0.307,12.1,30.3,21.4,7.5,0.8,3.2,12.9,22.7,4.6,3.0,7.6,0.21,2.4,0.0,2.4,1.9
599,491,Denzel Valentine,SG,77,2095,301,721,0.417,143,370,0.386,158,351,0.45,0.517,38,51,0.745,48,345,393,244,65,11,99,185,783,12.1,0.527,0.513,0.071,2.4,18.3,10.1,17.8,1.5,0.5,11.8,17.5,1.0,1.5,2.5,0.057,-1.0,0.0,-1.0,0.5
600,492,Fred VanVleet,PG,76,1520,232,545,0.426,108,261,0.414,124,284,0.437,0.525,84,101,0.832,25,159,184,243,68,19,74,130,656,15.9,0.556,0.479,0.185,1.9,11.5,6.8,22.8,2.2,1.0,11.2,19.1,2.7,2.0,4.7,0.149,1.4,1.0,2.4,1.7
609,496,Dwyane Wade*,SG,67,1536,299,682,0.438,32,111,0.288,267,571,0.468,0.462,135,189,0.714,50,202,252,228,61,47,140,124,765,15.0,0.5,0.163,0.277,3.7,14.6,9.2,23.5,2.0,2.6,15.5,26.2,-0.4,1.6,1.1,0.036,-0.9,-0.1,-1.0,0.4
613,498,Kemba Walker,PG,80,2736,588,1363,0.431,231,601,0.384,357,762,0.469,0.516,363,420,0.864,32,216,248,444,91,24,179,98,1770,20.6,0.572,0.441,0.308,1.2,8.7,4.9,27.4,1.6,0.7,10.4,27.4,6.5,2.0,8.6,0.15,4.7,-0.7,4.0,4.2
618,503,T.J. Warren,SF,65,2142,529,1063,0.498,20,90,0.222,509,973,0.523,0.507,193,255,0.757,125,208,333,85,65,41,85,149,1271,17.6,0.541,0.085,0.24,6.1,10.5,8.3,7.2,1.5,1.5,6.7,24.9,2.6,0.8,3.4,0.077,0.8,-1.6,-0.7,0.7
624,507,David West,C,73,999,216,378,0.571,3,8,0.375,213,370,0.576,0.575,60,79,0.759,64,174,238,138,47,75,80,120,495,20.9,0.6,0.021,0.209,7.7,18.2,13.3,20.5,2.3,5.9,16.2,21.7,1.8,1.7,3.5,0.168,0.7,2.5,3.1,1.3
625,508,Russell Westbrook,PG,80,2914,757,1687,0.449,97,326,0.298,660,1361,0.485,0.477,417,566,0.737,152,652,804,820,147,20,381,200,2028,24.7,0.524,0.193,0.336,5.6,25.7,15.3,49.8,2.5,0.6,16.4,34.1,5.5,4.5,10.1,0.166,4.8,1.5,6.3,6.1
631,514,Andrew Wiggins,SF,82,2979,569,1300,0.438,112,338,0.331,457,962,0.475,0.481,202,314,0.643,82,276,358,160,91,51,138,163,1452,13.0,0.505,0.26,0.242,3.1,10.8,6.9,8.2,1.5,1.5,8.8,23.4,0.5,1.6,2.1,0.034,-0.8,-1.7,-2.4,-0.3
637,520,Lou Williams,SG,79,2589,582,1337,0.435,186,518,0.359,396,819,0.484,0.505,432,491,0.88,40,158,198,417,85,19,234,106,1782,20.2,0.574,0.387,0.367,1.7,6.6,4.2,26.3,1.6,0.6,13.1,29.8,5.5,1.2,6.7,0.125,4.2,-1.8,2.3,2.8
638,521,Marvin Williams,PF,78,2006,258,563,0.458,126,305,0.413,132,258,0.512,0.57,102,123,0.829,74,296,370,96,56,38,66,116,744,13.9,0.603,0.542,0.218,3.9,16.2,10.0,7.0,1.4,1.6,9.7,14.8,3.1,1.9,5.0,0.119,0.6,0.3,1.0,1.5
645,526,Justise Winslow,PF,68,1680,207,488,0.424,49,129,0.38,158,359,0.44,0.474,66,104,0.635,64,306,370,148,54,33,77,140,529,11.5,0.496,0.264,0.213,4.3,20.5,12.4,13.0,1.6,1.7,12.6,16.3,0.2,2.4,2.6,0.075,-2.2,1.1,-1.1,0.4
651,530,Delon Wright,PG,69,1433,201,432,0.465,56,153,0.366,145,279,0.52,0.53,97,117,0.829,45,153,198,200,72,33,78,81,555,16.5,0.574,0.354,0.271,3.6,11.7,7.7,19.6,2.5,1.8,13.9,17.2,2.5,2.1,4.5,0.152,1.4,1.8,3.3,1.9
655,534,Nick Young,SG,80,1393,201,488,0.412,123,326,0.377,78,162,0.481,0.538,56,65,0.862,20,105,125,36,38,7,39,100,581,10.0,0.562,0.668,0.133,1.7,7.9,5.0,3.5,1.3,0.4,7.0,17.5,0.8,0.9,1.7,0.059,-1.6,-1.9,-3.5,-0.5
656,535,Thaddeus Young,PF,81,2607,421,864,0.487,58,181,0.32,363,683,0.531,0.521,55,92,0.598,184,328,512,152,135,36,105,175,955,14.8,0.528,0.209,0.106,8.0,14.1,11.1,8.5,2.6,1.2,10.4,17.3,2.3,3.2,5.5,0.101,-0.2,0.4,0.2,1.4
658,537,Tyler Zeller,C,66,1109,187,334,0.56,10,28,0.357,177,306,0.578,0.575,57,79,0.722,110,195,305,47,15,35,47,126,441,16.0,0.598,0.084,0.237,11.0,19.4,15.2,6.7,0.7,2.5,11.3,16.4,2.0,0.9,2.9,0.126,-0.5,-0.9,-1.4,0.2
