,Rk,Player,Pos,G,MP,FG,FGA,FG%,3P,3PA,3P%,2P,2PA,2P%,eFG%,FT,FTA,FT%,ORB,DRB,TRB,AST,STL,BLK,TOV,PF,PTS,PER,TS%,3PAr,FTr,ORB%,DRB%,TRB%,AST%,STL%,BLK%,TOV%,USG%,OWS,DWS,WS,WS/48,OBPM,DBPM,BPM,VORP
0,1,Shareef Abdur-Rahim,PF,72,1961,332,632,0.525,5,22,0.227,327,610,0.536,0.529,218,278,0.784,106,251,357,149,48,42,108,227,887,17.2,0.588,0.035,0.44,6.4,14.8,10.6,13.2,1.3,1.6,12.5,20.1,4.0,2.2,6.2,0.152,0.5,0.4,0.9,1.4
3,4,Ray Allen*,SG,78,3022,681,1500,0.454,269,653,0.412,412,847,0.486,0.544,324,359,0.903,71,261,332,286,105,16,188,151,1955,22.2,0.59,0.435,0.239,2.8,10.6,6.6,17.2,1.8,0.4,10.2,27.4,9.8,-0.3,9.5,0.15,6.4,-2.0,4.4,4.9
13,12,Carmelo Anthony,SF,80,2941,756,1572,0.481,37,152,0.243,719,1420,0.506,0.493,573,709,0.808,122,272,394,216,88,42,218,229,2122,22.0,0.563,0.097,0.451,4.9,10.7,7.8,14.3,1.5,1.1,10.4,32.0,6.8,2.6,9.4,0.153,3.5,-0.9,2.7,3.5
15,14,Gilbert Arenas,PG,80,3384,746,1668,0.447,199,540,0.369,547,1128,0.485,0.507,655,799,0.82,59,221,280,484,161,25,297,286,2346,23.8,0.581,0.324,0.479,2.0,7.8,4.8,27.0,2.5,0.6,12.8,30.5,11.0,2.6,13.6,0.193,5.4,0.0,5.4,6.3
20,17,Carlos Arroyo,PG-SG,77,1194,168,378,0.444,7,20,0.35,161,358,0.45,0.454,106,137,0.774,33,97,130,232,38,4,83,119,449,15.6,0.512,0.053,0.362,3.3,9.8,6.6,31.6,1.7,0.2,15.9,20.7,1.6,1.1,2.7,0.107,-0.1,-0.4,-0.5,0.5
23,18,Chucky Atkins,PG-SG,71,1713,226,573,0.394,97,274,0.354,129,299,0.431,0.479,129,163,0.791,23,97,120,198,43,2,87,152,678,12.9,0.526,0.478,0.284,1.6,6.8,4.2,20.0,1.4,0.1,11.9,20.2,2.1,1.4,3.6,0.1,-0.1,-0.8,-0.9,0.4
39,26,Brent Barry,SG,74,1259,156,345,0.452,80,202,0.396,76,143,0.531,0.568,39,59,0.661,29,130,159,123,39,27,52,99,431,14.8,0.581,0.586,0.171,2.8,11.9,7.5,15.5,1.7,1.5,12.3,16.0,2.1,2.2,4.3,0.162,1.4,2.0,3.4,1.7
44,31,Tony Battie,C,82,2215,280,552,0.507,0,6,0.0,280,546,0.513,0.507,89,134,0.664,145,312,457,49,46,69,88,250,649,12.2,0.531,0.011,0.243,8.3,16.9,12.7,3.7,1.1,2.5,12.6,14.9,1.7,2.2,3.8,0.083,-1.7,0.0,-1.8,0.1
45,32,Shane Battier,SF,81,2839,303,621,0.488,65,165,0.394,238,456,0.522,0.54,147,208,0.707,164,265,429,136,92,114,90,223,818,14.7,0.574,0.266,0.335,7.1,11.2,9.2,8.2,1.8,3.2,11.2,13.7,4.6,4.5,9.1,0.153,0.8,1.8,2.6,3.3
50,35,Raja Bell,SG,79,2959,425,930,0.457,197,446,0.442,228,484,0.471,0.563,115,146,0.788,44,209,253,207,76,22,89,248,1162,12.9,0.584,0.48,0.157,1.7,7.7,4.7,9.8,1.3,0.5,8.2,16.4,4.7,2.1,6.8,0.11,0.2,0.1,0.2,1.6
52,37,Mike Bibby,PG,82,3167,597,1382,0.432,192,497,0.386,405,885,0.458,0.501,342,403,0.849,29,211,240,444,82,10,199,169,1728,17.9,0.554,0.36,0.292,1.1,7.7,4.4,25.2,1.4,0.2,11.3,25.4,6.0,2.4,8.4,0.127,2.7,-1.2,1.5,2.8
53,38,Andris Biedriņš,C,68,1000,118,185,0.638,0,0,,118,185,0.638,0.638,22,72,0.306,124,159,283,24,23,47,34,190,258,13.6,0.595,0.0,0.389,13.5,18.2,15.8,3.9,1.2,3.5,13.6,11.2,1.6,1.3,2.9,0.137,-2.3,0.6,-1.6,0.1
54,39,Chauncey Billups*,PG,81,2925,423,1012,0.418,184,425,0.433,239,587,0.407,0.509,465,520,0.894,41,211,252,699,71,8,170,160,1495,23.4,0.602,0.42,0.514,1.6,8.7,5.1,39.3,1.3,0.2,12.0,22.9,12.7,2.8,15.5,0.254,6.2,0.1,6.2,6.1
55,40,Steve Blake,PG,68,1781,206,470,0.438,76,184,0.413,130,286,0.455,0.519,72,91,0.791,26,120,146,306,42,5,83,107,560,14.5,0.549,0.391,0.194,1.7,8.2,4.9,29.0,1.3,0.2,14.0,15.8,3.0,-0.2,2.8,0.076,1.0,-2.0,-1.0,0.4
57,42,Mark Blount,C,81,2240,373,734,0.508,0,0,,373,734,0.508,0.508,168,222,0.757,96,269,365,99,40,76,194,254,914,12.1,0.549,0.0,0.302,5.3,14.2,9.8,7.8,1.0,2.6,18.9,21.4,-0.5,2.3,1.7,0.037,-2.9,-0.6,-3.4,-0.8
60,43,Keith Bogans,SG-SF,72,1912,215,544,0.395,65,200,0.325,150,344,0.436,0.455,127,186,0.683,55,200,255,128,71,9,90,167,622,10.7,0.497,0.368,0.342,3.3,12.4,7.8,11.2,2.0,0.4,12.6,17.2,0.3,2.0,2.3,0.058,-1.8,0.5,-1.4,0.3
63,44,Andrew Bogut,PF,82,2348,323,606,0.533,0,3,0.0,323,603,0.536,0.533,122,194,0.629,189,384,573,192,49,68,125,259,768,15.2,0.555,0.005,0.32,9.4,19.8,14.5,13.4,1.1,2.3,15.3,15.9,3.1,2.4,5.5,0.113,-0.3,0.7,0.4,1.4
64,45,Matt Bonner,PF,78,1710,209,467,0.448,102,243,0.42,107,224,0.478,0.557,63,76,0.829,86,198,284,56,49,31,32,216,583,13.7,0.582,0.52,0.163,5.9,14.8,10.2,5.2,1.5,1.4,6.0,14.4,3.5,0.5,4.1,0.114,1.3,-0.6,0.7,1.2
67,48,Chris Bosh*,C,70,2751,549,1087,0.505,0,13,0.0,549,1074,0.511,0.505,474,581,0.816,204,443,647,181,50,79,157,209,1572,23.2,0.585,0.012,0.534,8.7,20.6,14.4,11.8,1.0,2.3,10.5,25.2,8.7,1.1,9.8,0.17,3.9,-1.0,2.9,3.4
68,49,Bruce Bowen,SF,82,2755,232,536,0.433,104,245,0.424,128,291,0.44,0.53,51,84,0.607,35,285,320,126,79,30,67,191,619,9.1,0.54,0.457,0.157,1.5,11.9,6.9,6.8,1.6,0.8,10.5,11.1,1.7,4.5,6.2,0.108,-1.8,2.0,0.3,1.6
69,50,Ryan Bowen,SF,68,652,37,124,0.298,3,22,0.136,34,102,0.333,0.31,11,14,0.786,31,57,88,24,21,6,13,85,88,4.0,0.338,0.177,0.113,5.7,10.1,7.9,5.9,1.8,0.8,9.1,10.5,-0.6,0.8,0.2,0.012,-5.8,0.7,-5.1,-0.5
72,53,Elton Brand,PF,79,3099,756,1435,0.527,1,3,0.333,755,1432,0.527,0.527,440,568,0.775,236,554,790,208,81,201,173,227,1953,26.5,0.58,0.002,0.396,9.3,19.9,14.8,13.1,1.4,4.9,9.3,27.7,9.3,5.5,14.8,0.229,5.1,1.6,6.7,6.8
73,54,Primož Brezec,C,79,2165,409,791,0.517,0,2,0.0,409,789,0.518,0.517,164,224,0.732,181,259,440,45,19,32,85,227,982,15.3,0.552,0.003,0.283,9.1,14.8,11.8,3.7,0.5,1.1,8.7,20.0,3.4,1.2,4.6,0.102,-0.4,-2.0,-2.4,-0.2
74,55,Devin Brown,SG,81,1711,207,527,0.393,39,118,0.331,168,409,0.411,0.43,158,212,0.745,73,134,207,104,44,14,99,153,611,10.3,0.493,0.224,0.402,5.1,9.6,7.3,10.7,1.4,0.7,13.8,19.5,0.4,1.1,1.4,0.041,-2.1,-1.3,-3.3,-0.6
75,56,Kwame Brown,C,72,1978,204,388,0.526,0,1,0.0,204,387,0.527,0.526,128,235,0.545,182,291,473,72,27,46,100,196,536,11.7,0.545,0.003,0.606,10.8,17.3,14.1,5.6,0.7,1.8,16.9,13.6,1.7,1.9,3.6,0.088,-1.7,-0.8,-2.5,-0.3
76,57,P.J. Brown,C,75,2380,269,583,0.461,0,0,,269,583,0.461,0.461,139,168,0.827,182,365,547,90,46,50,90,216,677,12.7,0.515,0.0,0.288,8.9,18.8,13.7,6.3,1.0,1.7,12.0,14.7,2.1,2.3,4.4,0.088,-1.3,-0.2,-1.5,0.3
80,59,Kobe Bryant*,SG,80,3277,978,2173,0.45,180,518,0.347,798,1655,0.482,0.491,696,819,0.85,71,354,425,360,147,30,250,233,2832,28.0,0.559,0.238,0.377,2.6,12.7,7.6,24.1,2.4,0.7,9.0,38.7,11.6,3.7,15.3,0.224,7.4,0.2,7.6,8.0
81,60,Greg Buckner,SG,73,1758,181,417,0.434,86,243,0.354,95,174,0.546,0.537,43,55,0.782,31,178,209,127,87,20,52,180,491,11.4,0.556,0.583,0.132,2.1,11.7,6.9,10.8,2.5,0.9,10.5,12.6,1.7,2.0,3.8,0.103,-1.2,1.7,0.5,1.1
85,64,Caron Butler,SF,75,2708,494,1086,0.455,41,120,0.342,453,966,0.469,0.474,289,332,0.87,114,352,466,186,127,18,175,238,1318,17.0,0.535,0.11,0.306,4.8,15.6,10.0,12.1,2.4,0.5,12.4,23.2,3.5,2.8,6.3,0.112,0.4,0.1,0.6,1.7
87,66,Rasual Butler,SF,79,1875,257,633,0.406,92,242,0.38,165,391,0.422,0.479,79,114,0.693,51,181,232,40,33,45,65,142,685,10.8,0.501,0.382,0.18,3.2,11.8,7.4,3.7,0.9,2.0,8.7,18.6,0.4,1.3,1.7,0.045,-0.9,-1.1,-2.0,0.0
94,73,Matt Carroll,SG,78,1275,192,476,0.403,72,185,0.389,120,291,0.412,0.479,138,168,0.821,34,123,157,35,47,11,48,120,594,13.9,0.54,0.389,0.353,2.9,12.0,7.1,4.6,1.9,0.7,8.0,20.8,1.6,1.0,2.6,0.097,0.0,-0.6,-0.6,0.5
96,75,Vince Carter*,SG,79,2906,653,1518,0.43,125,367,0.341,528,1151,0.459,0.471,480,601,0.799,135,327,462,338,94,53,213,235,1911,21.6,0.536,0.242,0.396,5.4,13.4,9.3,24.4,1.7,1.5,10.7,32.3,4.9,4.4,9.3,0.153,4.5,0.5,5.1,5.2
97,76,Sam Cassell,PG,78,2653,493,1112,0.443,70,190,0.368,423,922,0.459,0.475,289,335,0.863,40,247,287,491,74,11,175,225,1345,18.5,0.534,0.171,0.301,1.8,10.4,6.3,32.5,1.5,0.3,12.2,25.0,4.8,2.8,7.6,0.137,2.1,-0.5,1.6,2.4
101,78,Tyson Chandler,C,79,2121,160,283,0.565,0,1,0.0,160,282,0.567,0.565,97,193,0.503,265,449,714,81,41,104,123,298,417,12.2,0.567,0.004,0.682,14.4,24.2,19.3,5.6,1.0,3.8,25.1,10.4,1.5,3.9,5.4,0.123,-2.2,1.8,-0.4,0.9
103,80,Josh Childress,SF,74,2249,278,504,0.552,32,65,0.492,246,439,0.56,0.583,154,201,0.766,134,253,387,131,86,39,101,184,742,15.8,0.626,0.129,0.399,7.0,13.9,10.3,9.4,2.0,1.3,14.6,14.0,4.6,1.1,5.7,0.121,1.3,-0.1,1.2,1.8
105,82,Speedy Claxton,PG,71,2019,304,736,0.413,17,63,0.27,287,673,0.426,0.425,246,320,0.769,39,154,193,339,108,6,154,177,871,16.1,0.497,0.086,0.435,2.2,9.3,5.7,29.8,2.9,0.2,14.9,23.8,1.1,2.0,3.0,0.072,-0.1,0.3,0.1,1.1
107,84,Jarron Collins,C,79,1730,129,280,0.461,0,0,,129,280,0.461,0.461,157,219,0.717,134,199,333,97,36,27,61,252,415,11.0,0.551,0.0,0.782,9.3,14.1,11.7,9.1,1.1,1.3,13.9,11.7,2.5,1.4,3.9,0.107,-2.2,0.0,-2.1,-0.1
108,85,Jason Collins,C,71,1895,104,262,0.397,3,12,0.25,101,250,0.404,0.403,44,86,0.512,93,249,342,70,46,40,61,251,255,5.5,0.425,0.046,0.328,5.7,15.6,10.6,5.7,1.3,1.7,16.9,9.0,-0.9,2.9,2.0,0.051,-5.3,1.5,-3.8,-0.9
109,86,Nick Collison,PF,66,1448,207,394,0.525,0,3,0.0,207,391,0.529,0.525,79,113,0.699,143,225,368,74,21,35,77,213,493,14.0,0.556,0.008,0.287,11.8,19.0,15.4,8.1,0.8,1.9,14.8,16.1,2.2,0.1,2.3,0.075,-1.1,-2.1,-3.2,-0.4
110,87,Brian Cook,PF,81,1535,261,511,0.511,36,84,0.429,225,427,0.527,0.546,84,101,0.832,88,186,274,74,37,32,61,205,642,15.6,0.578,0.164,0.198,6.8,14.2,10.5,8.3,1.3,1.6,9.9,18.3,3.0,1.5,4.5,0.142,0.2,-0.3,-0.1,0.7
111,88,Jamal Crawford,SG,79,2555,366,879,0.416,101,293,0.345,265,586,0.452,0.474,295,357,0.826,36,212,248,301,87,15,175,150,1128,15.5,0.544,0.333,0.406,1.7,10.2,5.9,20.9,1.8,0.5,14.4,21.5,3.7,0.8,4.5,0.084,1.6,-1.1,0.5,1.6
113,90,Eddy Curry,C,72,1865,336,597,0.563,0,0,,336,597,0.563,0.563,307,486,0.632,145,287,432,19,28,56,179,239,979,17.0,0.604,0.0,0.814,9.4,18.9,14.1,1.9,0.8,2.5,18.1,24.1,2.3,1.0,3.3,0.084,-0.5,-1.6,-2.1,0.0
114,91,Samuel Dalembert,C,66,1761,196,369,0.531,0,1,0.0,196,368,0.533,0.531,93,132,0.705,159,382,541,25,34,160,107,244,485,14.2,0.568,0.003,0.358,10.6,25.4,18.0,2.2,1.0,6.9,20.0,13.8,0.9,2.6,3.6,0.097,-2.9,1.2,-1.8,0.1
115,92,Erick Dampier,C,82,1934,171,347,0.493,0,0,,171,347,0.493,0.493,127,215,0.591,273,367,640,51,27,106,115,263,469,13.9,0.531,0.0,0.62,17.3,22.4,19.9,4.0,0.8,4.2,20.7,13.4,1.9,2.9,4.8,0.119,-1.5,-0.1,-1.7,0.2
116,93,Antonio Daniels,SG,80,2283,230,550,0.418,23,101,0.228,207,449,0.461,0.439,284,336,0.845,19,153,172,284,52,8,89,96,767,13.7,0.55,0.184,0.611,0.9,8.0,4.4,19.2,1.2,0.3,11.3,15.4,4.3,0.9,5.3,0.111,0.1,-0.8,-0.7,0.8
127,99,Ricky Davis,SG-SF,78,3207,584,1304,0.448,73,242,0.302,511,1062,0.481,0.476,275,345,0.797,65,286,351,394,91,17,213,190,1516,15.6,0.521,0.186,0.265,2.5,10.5,6.6,22.2,1.5,0.4,12.8,24.3,2.5,2.5,5.0,0.075,0.6,-1.0,-0.4,1.3
130,100,Carlos Delfino,SG,68,726,91,226,0.403,20,60,0.333,71,166,0.428,0.447,45,67,0.672,28,85,113,44,21,15,36,86,247,10.6,0.483,0.265,0.296,4.5,14.1,9.3,9.7,1.6,1.5,12.4,19.1,0.0,1.0,1.0,0.067,-3.3,0.4,-2.9,-0.2
134,102,Luol Deng,SF,78,2604,442,954,0.463,21,78,0.269,421,876,0.481,0.474,207,276,0.75,127,389,516,147,72,50,105,128,1112,15.8,0.517,0.082,0.289,5.6,17.1,11.4,9.7,1.4,1.5,8.9,20.4,2.7,3.8,6.5,0.12,0.8,0.9,1.6,2.4
135,103,Boris Diaw,PF,81,2874,449,853,0.526,8,30,0.267,441,823,0.536,0.531,174,238,0.731,159,399,558,503,58,85,189,260,1080,17.3,0.564,0.035,0.279,6.3,15.1,10.8,24.9,1.0,2.1,16.5,17.9,5.9,3.0,8.9,0.149,1.4,1.4,2.8,3.5
138,106,Ike Diogu,PF,69,1031,175,334,0.524,0,0,,175,334,0.524,0.524,136,168,0.81,95,134,229,29,15,30,78,164,486,15.8,0.596,0.0,0.503,10.0,14.9,12.4,4.9,0.7,2.2,16.1,21.0,1.7,1.0,2.6,0.123,-1.6,-0.6,-2.2,0.0
139,107,DeSagana Diop,C,81,1510,75,154,0.487,1,2,0.5,74,152,0.487,0.49,39,72,0.542,145,229,374,23,44,146,36,253,190,11.5,0.512,0.013,0.468,11.8,17.9,14.9,2.2,1.6,7.4,16.2,6.9,1.3,2.7,4.1,0.13,-2.3,2.8,0.5,1.0
140,108,Juan Dixon,SG,76,1920,357,821,0.435,65,170,0.382,292,651,0.449,0.474,156,194,0.804,30,147,177,149,58,6,113,157,935,14.6,0.516,0.207,0.236,1.9,9.3,5.5,14.9,1.7,0.2,11.1,25.2,1.1,0.1,1.2,0.03,-0.2,-1.7,-1.9,0.0
143,111,Chris Duhon,PG,74,2155,215,538,0.4,100,278,0.36,115,260,0.442,0.493,117,143,0.818,28,192,220,373,70,3,117,152,647,12.9,0.538,0.517,0.266,1.5,10.2,5.9,26.4,1.7,0.1,16.3,15.0,2.7,2.5,5.2,0.116,0.0,0.8,0.8,1.5
144,112,Tim Duncan*,PF,80,2784,574,1185,0.484,2,5,0.4,572,1180,0.485,0.485,335,533,0.629,231,650,881,253,70,162,198,219,1485,23.1,0.523,0.004,0.45,10.1,26.9,18.7,16.5,1.4,4.2,12.2,27.7,3.9,6.9,10.8,0.187,2.3,2.6,5.0,4.9
145,113,Mike Dunleavy,SF,81,2578,331,816,0.406,74,260,0.285,257,556,0.462,0.451,196,252,0.778,78,321,399,237,60,32,120,199,932,12.5,0.503,0.319,0.309,3.3,14.2,8.6,15.0,1.2,0.9,11.5,18.1,1.9,2.3,4.2,0.077,-0.7,0.0,-0.7,0.9
152,118,Francisco Elson,C,72,1579,151,284,0.532,1,5,0.2,150,279,0.538,0.533,49,74,0.662,99,240,339,47,54,45,65,211,352,10.1,0.556,0.018,0.261,7.4,17.6,12.5,4.4,1.7,2.1,17.0,10.8,0.8,2.0,2.9,0.087,-3.2,1.0,-2.2,-0.1
154,120,Maurice Evans,SG,80,1139,154,341,0.452,43,116,0.371,111,225,0.493,0.515,52,65,0.8,76,87,163,60,41,15,39,122,403,14.0,0.545,0.34,0.191,7.8,9.2,8.5,8.5,2.0,1.0,9.5,17.0,1.8,1.4,3.2,0.135,-0.4,0.5,0.2,0.6
155,121,Reggie Evans,PF,67,1393,131,268,0.489,0,1,0.0,131,267,0.491,0.489,115,217,0.53,171,331,502,38,40,10,85,166,377,12.5,0.519,0.004,0.81,14.6,28.3,21.4,4.0,1.5,0.5,19.0,14.4,0.8,1.3,2.1,0.072,-1.8,-1.9,-3.7,-0.6
158,122,Daniel Ewing,SG,66,971,97,255,0.38,22,78,0.282,75,177,0.424,0.424,36,46,0.783,23,62,85,84,37,6,57,86,252,7.6,0.458,0.306,0.18,2.9,7.1,5.1,13.2,2.0,0.5,17.2,15.8,-0.7,1.0,0.3,0.017,-3.8,0.6,-3.2,-0.3
160,124,Raymond Felton,PG,80,2406,345,883,0.391,97,271,0.358,248,612,0.405,0.446,161,222,0.725,77,188,265,446,102,8,182,181,948,14.2,0.483,0.307,0.251,3.5,9.7,6.4,30.9,2.2,0.3,15.7,21.4,0.8,1.8,2.6,0.051,0.2,-0.8,-0.6,0.8
161,125,Michael Finley,SG,77,2038,286,695,0.412,110,279,0.394,176,416,0.423,0.491,98,115,0.852,31,216,247,116,37,7,62,97,780,12.7,0.523,0.401,0.165,1.8,12.2,7.2,9.3,1.0,0.2,7.7,18.9,2.0,2.9,5.0,0.117,0.1,0.2,0.2,1.1
162,126,Derek Fisher,PG,82,2589,364,887,0.41,117,295,0.397,247,592,0.417,0.476,244,293,0.833,36,175,211,352,125,8,156,237,1089,14.8,0.536,0.333,0.33,1.5,7.7,4.5,22.6,2.5,0.2,13.3,20.2,3.4,2.4,5.8,0.107,-0.2,0.6,0.4,1.6
166,130,T.J. Ford,PG,72,2557,328,789,0.416,35,104,0.337,293,685,0.428,0.438,187,248,0.754,63,248,311,473,104,7,219,196,878,13.1,0.489,0.132,0.314,2.9,11.7,7.2,29.8,2.1,0.2,19.6,20.0,0.4,2.1,2.5,0.047,-1.1,-0.1,-1.2,0.5
169,133,Adonal Foyle,C,77,1824,152,300,0.507,0,0,,152,300,0.507,0.507,41,67,0.612,143,281,424,33,44,125,80,215,345,10.3,0.524,0.0,0.223,8.5,17.6,13.0,2.8,1.2,5.1,19.5,10.0,0.3,2.5,2.8,0.075,-3.4,1.7,-1.7,0.1
173,135,Steve Francis,PG-SG,70,2393,333,765,0.435,25,83,0.301,308,682,0.452,0.452,314,399,0.787,74,216,290,345,74,17,214,204,1005,15.2,0.534,0.108,0.522,3.9,10.9,7.5,24.6,1.7,0.6,18.5,22.6,2.2,1.4,3.6,0.073,0.7,-0.7,0.0,1.2
176,136,Channing Frye,C,65,1572,305,640,0.477,3,9,0.333,302,631,0.479,0.479,189,229,0.825,138,236,374,53,30,47,97,200,802,18.1,0.541,0.014,0.358,10.6,18.5,14.5,6.6,1.0,2.5,11.6,24.2,2.6,0.9,3.5,0.108,0.7,-1.4,-0.7,0.5
177,137,Dan Gadzuric,C,74,885,171,309,0.553,0,1,0.0,171,308,0.555,0.553,41,89,0.461,91,141,232,24,25,43,35,171,383,17.2,0.55,0.003,0.288,12.0,19.3,15.6,4.9,1.5,3.9,9.1,19.8,1.3,1.1,2.5,0.134,-1.6,-0.1,-1.7,0.0
180,140,Francisco García,SF,67,1301,130,325,0.4,39,137,0.285,91,188,0.484,0.46,78,101,0.772,39,146,185,94,41,47,75,135,377,10.3,0.51,0.422,0.311,3.5,13.0,8.3,11.2,1.6,2.6,16.9,15.7,0.0,1.6,1.6,0.06,-2.1,1.3,-0.8,0.4
181,141,Kevin Garnett*,PF,76,2957,626,1191,0.526,8,30,0.267,618,1161,0.532,0.529,396,489,0.81,214,752,966,308,104,107,180,206,1656,26.8,0.589,0.025,0.411,8.9,29.7,19.6,20.2,1.9,2.7,11.3,25.5,9.0,5.9,14.9,0.242,5.6,2.2,7.8,7.4
183,143,Pau Gasol*,PF,80,3135,600,1194,0.503,3,12,0.25,597,1182,0.505,0.504,425,617,0.689,191,522,713,371,46,153,235,184,1628,22.7,0.555,0.01,0.517,7.5,20.0,13.8,23.7,0.8,3.9,13.8,26.4,6.6,5.4,12.0,0.184,3.9,1.7,5.5,6.0
184,144,Devean George,SF,71,1542,170,425,0.4,50,160,0.313,120,265,0.453,0.459,58,86,0.674,82,192,274,68,66,34,54,159,448,11.3,0.484,0.376,0.202,6.3,14.6,10.5,6.9,2.3,1.7,10.4,15.3,0.7,2.0,2.6,0.082,-1.3,0.5,-0.8,0.4
186,146,Manu Ginóbili*,SG,65,1813,309,669,0.462,83,217,0.382,226,452,0.5,0.524,280,360,0.778,42,188,230,235,101,26,121,156,981,22.4,0.593,0.324,0.538,2.8,12.0,7.5,22.2,3.0,1.0,12.8,25.0,5.1,3.7,8.8,0.234,3.8,3.0,6.8,4.1
190,150,Drew Gooden,PF,79,2174,334,652,0.512,1,3,0.333,333,649,0.513,0.513,176,258,0.682,237,428,665,56,52,49,106,190,845,17.6,0.552,0.005,0.396,12.8,23.5,18.1,4.4,1.3,1.7,12.2,18.6,3.6,2.9,6.6,0.145,0.5,-0.8,-0.2,1.0
191,151,Ben Gordon,SG,80,2482,486,1152,0.422,166,382,0.435,320,770,0.416,0.494,211,268,0.787,43,176,219,240,75,5,180,238,1349,14.5,0.531,0.332,0.233,2.0,8.1,5.1,17.3,1.6,0.2,12.4,26.3,1.8,2.6,4.4,0.086,0.7,-0.3,0.5,1.6
192,152,Joey Graham,SF,80,1581,198,414,0.478,29,87,0.333,169,327,0.517,0.513,108,133,0.812,57,187,244,60,37,13,92,228,533,10.2,0.564,0.21,0.321,4.2,15.1,9.4,6.0,1.2,0.6,16.3,16.5,1.0,0.3,1.3,0.038,-2.7,-1.1,-3.8,-0.7
197,154,Danny Granger,SF,78,1765,221,478,0.462,30,93,0.323,191,385,0.496,0.494,115,148,0.777,131,253,384,90,58,62,80,211,587,14.7,0.54,0.195,0.31,8.8,16.0,12.5,8.8,1.8,2.6,12.8,16.4,2.1,3.0,5.1,0.139,-0.7,1.8,1.1,1.4
202,159,Orien Greene,PG,80,1235,100,253,0.395,9,40,0.225,91,213,0.427,0.413,45,68,0.662,37,108,145,129,77,10,109,181,254,6.4,0.449,0.158,0.269,3.7,10.4,7.2,15.8,3.2,0.6,27.8,14.6,-1.8,1.4,-0.3,-0.013,-5.9,1.4,-4.4,-0.8
204,161,Eddie Griffin,C,70,1359,130,370,0.351,16,82,0.195,114,288,0.396,0.373,44,74,0.595,107,282,389,40,13,148,43,125,320,12.2,0.397,0.222,0.2,9.7,24.3,17.2,4.7,0.5,8.2,9.7,15.6,-1.0,2.6,1.5,0.055,-3.1,1.5,-1.6,0.1
206,163,Richard Hamilton,SG,80,2825,649,1322,0.491,55,120,0.458,594,1202,0.494,0.512,256,303,0.845,84,172,256,275,52,16,173,207,1609,18.2,0.553,0.091,0.229,3.5,7.3,5.4,18.6,1.0,0.4,10.6,27.4,5.3,2.4,7.6,0.13,1.7,-0.9,0.8,2.0
211,166,Matt Harpring,SF,71,1944,322,678,0.475,14,39,0.359,308,639,0.482,0.485,227,313,0.725,158,210,368,98,59,14,109,202,885,16.3,0.542,0.058,0.462,9.8,13.2,11.5,9.6,1.7,0.6,11.8,22.0,3.1,1.6,4.7,0.115,0.6,-1.2,-0.6,0.7
212,167,Al Harrington,PF,76,2782,551,1220,0.452,66,191,0.346,485,1029,0.471,0.479,243,350,0.694,132,391,523,238,85,14,195,301,1411,16.0,0.513,0.157,0.287,5.5,17.4,11.3,15.8,1.6,0.4,12.4,25.6,2.6,1.2,3.8,0.065,0.4,-1.7,-1.3,0.5
213,168,Othella Harrington,C,72,824,135,273,0.495,0,0,,135,273,0.495,0.495,77,123,0.626,54,100,154,39,7,13,61,131,347,11.1,0.53,0.0,0.451,7.6,13.9,10.7,8.0,0.4,1.2,15.7,21.2,0.2,0.9,1.1,0.063,-3.4,-0.4,-3.9,-0.4
215,170,David Harrison,C,67,1034,148,294,0.503,0,0,,148,294,0.503,0.503,89,174,0.511,84,170,254,14,23,59,79,193,385,11.8,0.519,0.0,0.592,9.7,18.4,14.2,2.4,1.2,4.2,17.6,20.2,-0.4,1.9,1.5,0.068,-5.1,1.1,-4.0,-0.5
216,171,Jason Hart,PG,66,818,86,221,0.389,9,31,0.29,77,190,0.405,0.41,37,56,0.661,12,59,71,70,31,5,43,85,218,7.1,0.444,0.14,0.253,1.7,8.3,5.1,13.4,2.0,0.4,14.9,16.2,-0.7,0.8,0.1,0.006,-5.1,0.4,-4.7,-0.6
217,172,Udonis Haslem,PF,81,2491,300,591,0.508,0,2,0.0,300,589,0.509,0.508,157,199,0.789,167,467,634,95,50,17,80,216,757,13.7,0.558,0.003,0.337,8.2,21.2,15.0,5.9,1.1,0.5,10.5,14.1,3.9,3.1,7.0,0.134,-0.4,-0.1,-0.5,0.9
218,173,Trenton Hassell,SG,77,2514,286,616,0.464,7,23,0.304,279,593,0.47,0.47,131,176,0.744,82,134,216,203,43,29,124,201,710,9.5,0.512,0.037,0.286,4.0,6.2,5.2,13.2,0.9,0.9,15.2,15.4,0.7,1.6,2.3,0.044,-2.4,-0.6,-3.1,-0.7
221,176,Brendan Haywood,C,79,1879,222,432,0.514,0,0,,222,432,0.514,0.514,131,224,0.585,200,267,467,46,30,104,97,232,575,13.8,0.542,0.0,0.519,12.0,17.0,14.5,3.9,0.8,4.3,15.5,14.9,2.0,1.9,3.9,0.099,-1.5,-0.2,-1.7,0.2
222,177,Luther Head,SG,80,2310,254,630,0.403,113,313,0.361,141,317,0.445,0.493,86,123,0.699,33,233,266,215,89,9,119,169,707,11.2,0.517,0.497,0.195,1.7,11.6,6.8,16.2,2.1,0.3,14.8,16.6,0.5,2.9,3.5,0.072,-1.3,1.1,-0.2,1.1
226,181,Kirk Hinrich,PG,81,2955,451,1078,0.418,126,341,0.37,325,737,0.441,0.477,256,314,0.815,29,259,288,514,94,21,188,251,1284,15.5,0.528,0.316,0.291,1.1,10.0,5.6,28.9,1.6,0.6,13.4,21.4,4.1,3.5,7.6,0.124,1.1,0.6,1.8,2.8
230,185,Eddie House,PG,81,1421,320,759,0.422,123,316,0.389,197,443,0.445,0.503,33,41,0.805,15,117,132,148,42,12,76,96,796,15.2,0.512,0.416,0.054,1.2,8.9,5.2,16.4,1.5,0.6,8.9,26.9,0.5,1.1,1.6,0.054,0.8,-0.9,-0.2,0.7
231,186,Dwight Howard,PF,82,3021,468,881,0.531,0,2,0.0,468,879,0.532,0.531,356,598,0.595,288,734,1022,125,65,115,217,277,1292,19.3,0.565,0.002,0.679,12.1,29.2,20.9,7.2,1.2,3.0,15.9,21.3,4.2,4.4,8.6,0.137,1.1,-0.1,1.0,2.3
233,188,Juwan Howard,PF,80,2537,394,859,0.459,0,4,0.0,394,855,0.461,0.459,154,191,0.806,168,367,535,112,49,8,133,235,942,12.5,0.499,0.005,0.222,7.9,16.7,12.4,8.4,1.1,0.3,12.4,20.2,0.6,3.0,3.7,0.069,-2.0,-0.6,-2.6,-0.4
238,193,Steven Hunter,C,69,1312,175,291,0.601,0,0,,175,291,0.601,0.601,71,138,0.514,110,161,271,17,12,76,64,120,421,13.9,0.598,0.0,0.474,9.8,14.4,12.1,2.1,0.5,4.4,15.4,14.4,1.5,1.0,2.5,0.09,-1.4,-0.9,-2.4,-0.1
239,194,Andre Iguodala,SF,82,3086,344,688,0.5,56,158,0.354,288,530,0.543,0.541,263,349,0.754,117,364,481,255,135,21,153,198,1007,14.8,0.598,0.23,0.507,4.4,13.8,9.1,12.9,2.3,0.5,15.4,14.7,4.9,2.6,7.5,0.116,0.2,0.4,0.6,2.0
240,195,Zydrunas Ilgauskas,C,78,2283,450,889,0.506,0,5,0.0,450,884,0.509,0.506,317,380,0.834,245,346,591,91,38,136,155,280,1217,21.9,0.576,0.006,0.427,12.6,18.1,15.3,7.4,0.9,4.6,12.8,24.6,5.6,3.1,8.7,0.184,1.4,0.2,1.6,2.1
242,197,Allen Iverson*,PG,72,3103,815,1822,0.447,72,223,0.323,743,1599,0.465,0.467,675,829,0.814,44,188,232,532,140,10,248,121,2377,25.9,0.543,0.122,0.455,1.7,7.1,4.4,34.9,2.3,0.2,10.2,35.8,8.8,1.8,10.6,0.165,5.8,-1.0,4.8,5.3
243,198,Royal Ivey,PG,73,978,116,264,0.439,4,10,0.4,112,254,0.441,0.447,24,33,0.727,31,65,96,74,24,7,23,147,260,8.4,0.467,0.038,0.125,3.7,8.2,5.9,12.2,1.3,0.5,7.6,14.0,0.6,0.0,0.7,0.034,-3.7,-0.9,-4.6,-0.6
244,199,Jarrett Jack,SG,79,1599,189,428,0.442,20,76,0.263,169,352,0.48,0.465,128,160,0.8,18,142,160,219,41,2,102,138,526,12.3,0.528,0.178,0.374,1.3,10.8,6.0,23.2,1.4,0.1,17.0,17.8,1.1,0.1,1.2,0.035,-1.7,-1.4,-3.1,-0.4
245,200,Bobby Jackson,PG,71,1775,286,748,0.382,129,332,0.389,157,416,0.377,0.469,107,146,0.733,44,179,223,195,61,1,101,155,808,14.6,0.497,0.444,0.195,3.0,12.1,7.6,20.7,1.9,0.0,11.1,25.0,1.0,2.5,3.5,0.095,0.6,-0.2,0.4,1.1
254,205,Stephen Jackson,SG,81,2910,472,1148,0.411,117,339,0.345,355,809,0.439,0.462,268,341,0.786,48,264,312,225,104,43,203,195,1329,13.6,0.512,0.295,0.297,2.0,10.1,6.2,14.2,1.9,1.1,13.5,24.0,0.5,3.9,4.4,0.073,-0.6,0.5,-0.1,1.4
256,207,LeBron James,SF,79,3361,875,1823,0.48,127,379,0.335,748,1444,0.518,0.515,601,814,0.738,75,481,556,521,123,66,260,181,2478,28.1,0.568,0.208,0.447,2.6,17.1,9.8,32.8,2.0,1.5,10.7,33.6,12.0,4.3,16.3,0.232,7.5,1.6,9.1,9.4
257,208,Mike James,PG,79,2925,576,1228,0.469,169,382,0.442,407,846,0.481,0.538,283,338,0.837,45,217,262,460,72,3,206,214,1604,19.8,0.583,0.311,0.275,1.8,9.5,5.5,28.2,1.3,0.1,13.0,25.0,7.7,-0.1,7.6,0.125,4.0,-2.2,1.8,2.9
258,209,Antawn Jamison,SF,82,3288,660,1494,0.442,147,373,0.394,513,1121,0.458,0.491,217,297,0.731,167,598,765,158,90,12,137,189,1684,17.7,0.518,0.25,0.199,5.7,21.8,13.5,8.7,1.4,0.3,7.8,23.9,4.9,3.2,8.2,0.119,2.4,-1.2,1.2,2.7
259,210,Marko Jarić,PG,75,2102,226,566,0.399,40,133,0.301,186,433,0.43,0.435,95,138,0.688,60,173,233,293,108,21,127,189,587,11.7,0.468,0.235,0.244,3.5,9.6,6.7,22.5,2.8,0.8,16.8,17.0,-0.3,2.6,2.3,0.053,-2.1,1.4,-0.7,0.7
260,211,Šarūnas Jasikevičius,PG,75,1557,170,429,0.396,86,236,0.364,84,193,0.435,0.497,121,133,0.91,19,134,153,227,40,4,116,108,547,12.9,0.561,0.55,0.31,1.5,9.6,5.7,24.4,1.4,0.2,19.2,18.0,1.6,1.7,3.3,0.103,0.1,0.0,0.1,0.9
262,213,Richard Jefferson,SF,78,3059,495,1005,0.493,60,188,0.319,435,817,0.532,0.522,471,580,0.812,95,439,534,297,59,17,174,193,1521,18.9,0.603,0.187,0.577,3.6,17.1,10.2,18.0,1.0,0.4,12.1,22.1,7.6,4.1,11.7,0.184,2.6,0.5,3.1,3.9
263,214,Jared Jeffries,PF,77,1951,187,415,0.451,16,50,0.32,171,365,0.468,0.47,99,168,0.589,164,215,379,148,58,50,99,223,489,11.6,0.5,0.12,0.405,9.5,13.2,11.3,11.6,1.5,2.0,16.8,13.4,1.4,1.7,3.1,0.076,-1.1,0.4,-0.8,0.6
265,216,Anthony Johnson,PG,75,1981,267,603,0.443,51,155,0.329,216,448,0.482,0.485,106,141,0.752,31,137,168,324,63,22,115,132,691,14.2,0.52,0.257,0.234,1.9,7.7,4.9,28.6,1.7,0.8,14.7,18.3,2.2,2.3,4.5,0.108,0.2,0.4,0.7,1.3
268,219,Joe Johnson,SG,82,3340,632,1395,0.453,128,360,0.356,504,1035,0.487,0.499,261,330,0.791,98,237,335,536,103,31,267,187,1653,17.9,0.537,0.258,0.237,3.4,8.8,6.0,29.1,1.6,0.7,14.8,24.6,5.5,0.4,6.0,0.086,3.1,-2.1,1.0,2.5
272,221,Dahntay Jones,SF,71,967,109,263,0.414,3,21,0.143,106,242,0.438,0.42,60,93,0.645,20,84,104,39,38,15,50,108,281,8.0,0.462,0.08,0.354,2.5,10.4,6.5,7.0,2.2,1.2,14.1,17.8,-0.9,1.5,0.6,0.029,-5.3,0.9,-4.4,-0.6
273,222,Damon Jones,PG,82,2089,190,491,0.387,140,371,0.377,50,120,0.417,0.53,32,50,0.64,14,119,133,169,37,1,55,112,552,9.3,0.538,0.756,0.102,0.8,6.8,3.8,12.6,0.9,0.0,9.7,12.6,2.2,1.1,3.4,0.077,-0.6,-0.5,-1.1,0.5
275,224,Eddie Jones,SG,75,2437,292,722,0.404,133,374,0.356,159,348,0.457,0.497,168,215,0.781,35,244,279,177,131,27,93,201,885,14.7,0.542,0.518,0.298,1.8,12.0,6.9,12.7,3.0,0.9,10.2,18.1,3.0,4.2,7.2,0.141,-0.1,2.3,2.2,2.6
276,225,Fred Jones,SG,68,1837,233,559,0.417,63,187,0.337,170,372,0.457,0.473,122,160,0.763,18,152,170,154,55,20,107,142,651,11.0,0.517,0.335,0.286,1.2,9.3,5.3,14.5,1.6,0.8,14.5,18.7,0.4,2.2,2.6,0.069,-1.8,0.7,-1.0,0.4
277,226,James Jones,SF,75,1772,243,581,0.418,110,285,0.386,133,296,0.449,0.513,103,121,0.851,44,209,253,57,38,49,35,142,699,13.2,0.551,0.491,0.208,2.8,12.8,7.9,4.5,1.1,1.9,5.2,16.9,2.3,1.7,4.0,0.11,0.1,-0.2,-0.1,0.9
278,227,Jumaine Jones,PF,76,2089,298,736,0.405,115,335,0.343,183,401,0.456,0.483,88,121,0.727,105,271,376,63,68,22,74,200,799,12.1,0.506,0.455,0.164,5.5,16.1,10.4,5.0,1.7,0.8,8.6,18.3,1.2,1.8,3.0,0.068,-0.9,-0.9,-1.7,0.2
279,228,Chris Kaman,C,78,2560,369,706,0.523,0,2,0.0,369,704,0.524,0.523,194,252,0.77,187,563,750,79,45,108,176,269,932,15.0,0.57,0.003,0.357,8.9,24.5,17.0,5.0,0.9,3.2,17.7,17.9,1.8,4.3,6.1,0.114,-1.3,0.6,-0.7,0.8
282,231,Viktor Khryapa,SF,69,1492,158,342,0.462,10,30,0.333,148,312,0.474,0.477,77,111,0.694,114,193,307,88,50,29,84,209,403,11.5,0.516,0.088,0.325,9.1,15.8,12.4,9.8,1.8,1.5,17.7,15.1,0.6,0.7,1.3,0.042,-2.8,-0.5,-3.3,-0.5
283,232,Jason Kidd*,PG,80,2975,366,905,0.404,139,395,0.352,227,510,0.445,0.481,194,244,0.795,86,494,580,672,150,29,192,157,1065,19.2,0.526,0.436,0.27,3.3,19.8,11.4,39.0,2.7,0.8,15.9,19.1,4.5,5.6,10.1,0.163,2.8,2.6,5.4,5.5
284,233,Andrei Kirilenko,SF,69,2604,336,730,0.46,36,117,0.308,300,613,0.489,0.485,346,495,0.699,161,391,552,299,102,220,203,162,1054,20.7,0.556,0.16,0.678,7.4,18.4,12.9,20.5,2.1,7.0,17.6,20.5,3.6,4.3,7.9,0.145,3.4,3.1,6.6,5.6
286,235,Brevin Knight,PG,69,2351,308,772,0.399,3,13,0.231,305,759,0.402,0.401,252,314,0.803,35,188,223,610,157,4,164,202,871,17.3,0.478,0.017,0.407,1.6,9.9,5.5,42.3,3.4,0.1,15.3,20.3,2.5,2.5,4.9,0.101,0.4,1.0,1.4,2.0
288,237,Kyle Korver,SF,82,2563,327,761,0.43,184,438,0.42,143,323,0.443,0.551,101,119,0.849,27,243,270,163,65,26,98,224,939,12.3,0.577,0.576,0.156,1.2,11.1,6.2,10.2,1.3,0.8,10.8,16.2,3.2,1.3,4.6,0.086,0.3,-0.9,-0.6,0.9
289,238,Nenad Krstić,PF,80,2469,447,881,0.507,1,4,0.25,446,877,0.509,0.508,185,265,0.698,182,331,513,88,32,63,133,297,1080,14.4,0.541,0.005,0.301,8.5,15.9,12.2,6.8,0.7,2.1,11.8,21.6,2.0,3.4,5.4,0.105,-1.9,-0.4,-2.2,-0.1
290,239,Toni Kukoč*,PF,65,1018,116,298,0.389,45,147,0.306,71,151,0.47,0.465,40,56,0.714,26,124,150,139,33,17,66,87,317,11.9,0.491,0.493,0.188,3.0,14.7,8.8,21.5,1.7,1.3,17.0,17.4,0.2,0.9,1.1,0.053,-0.3,0.5,0.3,0.6
291,240,Raef LaFrentz,PF,82,2033,238,552,0.431,112,286,0.392,126,266,0.474,0.533,51,75,0.68,80,326,406,115,29,72,65,273,639,12.0,0.546,0.518,0.136,4.9,19.1,12.2,9.0,0.7,2.7,10.0,14.7,2.2,2.0,4.3,0.101,-0.4,0.2,-0.1,1.0
295,242,David Lee,SF,67,1129,137,230,0.596,0,0,,137,230,0.596,0.596,71,123,0.577,109,194,303,43,30,20,51,124,345,15.4,0.607,0.0,0.535,11.6,21.1,16.3,6.5,1.4,1.5,15.2,13.5,2.0,0.8,2.7,0.116,0.7,-0.6,0.1,0.6
299,244,Rashard Lewis,SF,78,2876,538,1151,0.467,142,370,0.384,396,781,0.507,0.529,350,428,0.818,111,279,390,182,102,50,141,191,1568,20.0,0.585,0.321,0.372,4.6,11.9,8.2,10.7,1.9,1.3,9.5,23.1,8.2,0.1,8.3,0.138,4.2,-1.6,2.7,3.4
307,252,Jamaal Magloire,C,82,2465,287,615,0.467,0,0,,287,615,0.467,0.467,178,333,0.535,220,558,778,56,29,80,166,276,752,11.1,0.494,0.0,0.541,10.4,27.4,18.8,3.6,0.6,2.6,17.9,17.2,-0.8,2.9,2.0,0.039,-3.3,-0.8,-4.1,-1.3
309,254,Shawn Marion,PF,81,3263,716,1365,0.525,96,290,0.331,620,1075,0.577,0.56,241,298,0.809,249,710,959,143,160,137,125,223,1769,23.6,0.591,0.212,0.218,8.7,23.6,16.3,6.8,2.5,2.9,7.7,22.3,8.6,5.9,14.6,0.214,3.5,1.3,4.8,5.6
311,256,Donyell Marshall,PF,81,2077,265,671,0.395,128,395,0.324,137,276,0.496,0.49,92,123,0.748,105,387,492,60,59,41,90,160,750,13.4,0.517,0.589,0.183,5.9,22.3,14.0,4.8,1.5,1.5,11.0,18.2,1.4,2.8,4.2,0.097,0.2,-0.1,0.1,1.1
315,260,Kevin Martin,SG,72,1913,262,546,0.48,66,179,0.369,196,367,0.534,0.54,188,222,0.847,58,203,261,97,55,9,81,138,778,14.8,0.604,0.328,0.407,3.6,12.3,8.0,8.3,1.5,0.3,11.2,17.4,3.6,1.9,5.5,0.137,0.4,0.0,0.4,1.2
316,261,Desmond Mason,SF,70,2102,275,690,0.399,1,6,0.167,274,684,0.401,0.399,206,302,0.682,64,234,298,66,42,17,113,136,757,9.2,0.46,0.009,0.438,3.5,13.6,8.4,5.4,1.1,0.7,12.1,20.8,-1.7,1.4,-0.2,-0.005,-3.5,-1.4,-4.9,-1.5
319,264,Rashad McCants,SG,79,1362,241,535,0.45,67,180,0.372,174,355,0.49,0.513,78,106,0.736,29,114,143,63,44,22,86,176,627,12.6,0.539,0.336,0.198,2.6,9.8,6.3,8.4,1.7,1.2,12.9,23.3,0.2,1.4,1.6,0.058,-1.3,-0.3,-1.7,0.1
321,266,Antonio McDyess,PF,82,1733,285,560,0.509,0,2,0.0,285,558,0.511,0.509,68,122,0.557,156,280,436,90,46,48,76,220,638,15.5,0.52,0.004,0.218,10.6,19.4,15.0,8.8,1.5,2.0,11.0,18.9,1.9,2.8,4.6,0.128,-1.7,0.5,-1.2,0.3
325,270,Keith McLeod,PG,66,1232,120,340,0.353,24,82,0.293,96,258,0.372,0.388,106,133,0.797,11,67,78,151,42,9,76,131,370,8.6,0.464,0.241,0.391,1.1,6.7,3.8,20.7,1.9,0.6,16.0,17.8,-0.2,0.8,0.6,0.024,-3.7,-0.8,-4.5,-0.8
334,277,Andre Miller,PG,82,2937,404,872,0.463,5,27,0.185,399,845,0.472,0.466,313,424,0.738,92,259,351,674,106,18,256,213,1126,16.4,0.532,0.031,0.486,3.7,10.2,7.0,36.2,1.8,0.5,19.5,20.0,3.6,2.6,6.2,0.101,0.6,-0.4,0.2,1.7
335,278,Brad Miller,C,79,2923,434,877,0.495,34,88,0.386,400,789,0.507,0.514,280,338,0.828,122,493,615,374,61,62,180,234,1182,17.5,0.576,0.1,0.385,4.9,19.5,12.3,21.5,1.1,1.6,14.9,18.9,5.5,3.6,9.1,0.15,1.5,1.0,2.5,3.3
336,279,Mike Miller,SG,74,2268,354,760,0.466,138,339,0.407,216,421,0.513,0.557,168,210,0.8,42,355,397,200,52,27,140,173,1014,17.2,0.595,0.446,0.276,2.3,18.8,10.6,16.5,1.3,1.0,14.1,21.3,3.9,3.5,7.4,0.157,2.4,0.6,3.0,2.9
338,281,Cuttino Mobley,SG,79,2979,429,1008,0.426,83,245,0.339,346,763,0.453,0.467,229,273,0.839,50,291,341,238,93,36,145,208,1170,13.1,0.519,0.243,0.271,2.0,10.9,6.6,13.1,1.6,0.9,11.4,19.8,1.9,3.4,5.3,0.086,-0.7,0.5,-0.2,1.3
339,282,Nazr Mohammed,C,80,1389,190,377,0.504,0,0,,190,377,0.504,0.504,113,144,0.785,163,255,418,40,21,49,91,220,493,15.0,0.56,0.0,0.382,14.2,21.2,17.8,4.7,0.8,2.5,17.1,18.3,1.7,2.8,4.5,0.156,-2.4,0.4,-2.0,0.0
345,286,Alonzo Mourning*,C,65,1302,188,315,0.597,0,1,0.0,188,314,0.599,0.597,133,224,0.594,125,234,359,11,13,173,79,177,509,19.4,0.615,0.003,0.711,11.8,20.3,16.2,1.4,0.5,10.2,16.0,17.5,2.1,2.6,4.8,0.176,-0.7,2.5,1.8,1.2
346,287,Troy Murphy,PF,74,2516,363,838,0.433,58,181,0.32,305,657,0.464,0.468,251,319,0.787,195,548,743,101,47,26,108,191,1035,15.9,0.529,0.216,0.381,8.4,24.9,16.5,6.7,1.0,0.8,9.9,19.2,3.5,3.0,6.5,0.125,0.5,-0.9,-0.3,1.1
348,289,Ronald Murray,SG,76,2112,321,768,0.418,37,141,0.262,284,627,0.453,0.442,172,242,0.711,33,120,153,197,68,11,135,133,851,11.5,0.487,0.184,0.315,1.8,6.9,4.3,15.4,1.7,0.4,13.4,21.7,0.2,0.5,0.7,0.015,-1.6,-1.6,-3.2,-0.6
358,295,Steve Nash*,PG,79,2796,541,1056,0.512,150,342,0.439,391,714,0.548,0.583,257,279,0.921,47,286,333,826,61,12,276,120,1489,23.3,0.632,0.324,0.264,1.9,11.1,6.6,44.4,1.1,0.3,19.0,23.3,10.3,2.1,12.4,0.212,5.7,-0.7,5.0,4.9
360,297,Rasho Nesterović,C,80,1515,172,334,0.515,0,2,0.0,172,332,0.518,0.515,18,30,0.6,114,195,309,33,21,88,53,209,362,11.0,0.521,0.006,0.09,9.1,14.8,12.1,3.4,0.8,4.2,13.2,12.6,0.9,2.9,3.7,0.118,-3.3,1.8,-1.5,0.2
362,299,Andrés Nocioni,PF,82,2239,383,831,0.461,93,238,0.391,290,593,0.489,0.517,204,242,0.843,89,411,500,117,40,52,120,252,1063,16.1,0.567,0.286,0.291,4.6,21.0,12.8,9.0,0.9,1.8,11.3,21.3,3.3,3.4,6.7,0.144,0.8,0.9,1.7,2.1
366,301,Dirk Nowitzki*,PF,81,3089,751,1564,0.48,110,271,0.406,641,1293,0.496,0.515,539,598,0.901,115,613,728,226,58,83,156,164,2151,28.1,0.589,0.173,0.382,4.6,23.4,14.2,14.7,1.0,2.1,7.9,30.0,13.5,4.3,17.7,0.275,7.8,0.4,8.1,7.9
370,305,Lamar Odom,PF,80,3221,445,925,0.481,80,215,0.372,365,710,0.514,0.524,216,313,0.69,181,557,738,443,75,64,213,256,1186,17.0,0.558,0.232,0.338,6.6,20.3,13.5,22.4,1.2,1.5,16.7,18.1,5.4,3.8,9.2,0.137,2.1,0.6,2.7,3.9
372,307,Mehmet Okur,PF,82,2945,519,1128,0.46,80,234,0.342,439,894,0.491,0.496,354,454,0.78,211,535,746,194,40,73,163,285,1472,19.0,0.554,0.207,0.402,8.6,22.2,15.4,12.8,0.7,2.1,10.9,23.5,6.3,3.0,9.3,0.152,2.4,-0.8,1.6,2.7
373,308,Kevin Ollie,SG,70,1069,75,174,0.431,1,3,0.333,74,171,0.433,0.434,41,49,0.837,13,85,98,101,33,3,29,103,192,7.8,0.491,0.017,0.282,1.4,9.3,5.4,13.8,1.6,0.2,12.9,9.6,0.5,0.5,1.1,0.048,-3.8,0.1,-3.7,-0.5
379,312,Travis Outlaw,PF,69,1153,162,368,0.44,14,53,0.264,148,315,0.47,0.459,62,89,0.697,48,141,189,34,31,46,37,112,400,12.9,0.491,0.144,0.242,4.9,14.9,9.9,5.2,1.5,3.0,8.3,18.3,0.4,0.5,0.9,0.039,-1.8,-0.7,-2.5,-0.1
381,314,Zaza Pachulia,C,78,2452,307,681,0.451,0,2,0.0,307,679,0.452,0.451,297,404,0.735,264,349,613,129,89,39,180,286,911,15.0,0.53,0.003,0.593,12.6,17.6,15.0,8.5,1.9,1.2,17.3,19.2,2.5,1.4,3.9,0.077,-0.8,-1.3,-2.1,-0.1
383,316,Milt Palacio,PG,71,1376,171,403,0.424,1,16,0.063,170,387,0.439,0.426,98,150,0.653,17,117,134,190,47,14,110,125,441,9.9,0.47,0.04,0.372,1.5,10.4,5.9,24.4,1.9,0.8,19.0,19.5,-0.9,1.1,0.2,0.008,-3.4,-0.4,-3.7,-0.6
385,318,Smush Parker,PG,82,2773,348,779,0.447,120,328,0.366,228,451,0.506,0.524,125,180,0.694,37,234,271,302,140,16,147,213,941,13.4,0.548,0.421,0.231,1.6,9.9,5.7,17.3,2.7,0.4,14.6,16.5,2.8,3.0,5.8,0.1,-0.8,0.8,0.1,1.5
386,319,Tony Parker*,PG,80,2715,623,1136,0.548,11,36,0.306,612,1100,0.556,0.553,253,358,0.707,38,223,261,460,83,4,249,161,1510,20.8,0.584,0.032,0.315,1.7,9.5,5.7,32.2,1.7,0.1,16.1,27.1,5.5,4.1,9.6,0.169,2.4,0.4,2.8,3.3
387,320,Ruben Patterson,SF-SG,71,1792,327,635,0.515,1,13,0.077,326,622,0.524,0.516,203,338,0.601,118,126,244,127,76,21,150,150,858,16.4,0.547,0.02,0.532,7.8,8.4,8.1,12.7,2.3,0.9,16.1,24.1,1.1,1.0,2.1,0.055,0.2,-0.8,-0.5,0.7
390,321,Chris Paul,PG,78,2808,407,947,0.43,50,177,0.282,357,770,0.464,0.456,394,465,0.847,61,339,400,611,175,6,183,218,1258,22.1,0.546,0.187,0.491,2.5,14.8,8.5,38.2,3.4,0.2,13.7,22.2,6.8,3.6,10.4,0.178,3.0,2.2,5.2,5.1
392,323,Gary Payton*,PG,81,2305,230,547,0.42,66,230,0.287,164,317,0.517,0.481,100,126,0.794,34,199,233,257,71,10,102,169,626,10.7,0.52,0.42,0.23,1.8,9.7,5.9,16.7,1.6,0.3,14.5,14.1,1.8,2.3,4.1,0.085,-1.4,0.5,-0.9,0.6
393,324,Kendrick Perkins,C,68,1332,137,266,0.515,0,2,0.0,137,264,0.519,0.515,80,130,0.615,140,264,404,69,21,105,107,199,354,13.2,0.548,0.008,0.489,13.1,23.6,18.5,8.1,0.8,6.0,24.9,14.8,0.3,2.0,2.3,0.082,-2.8,1.3,-1.5,0.2
394,325,Morris Peterson,SG,82,3140,478,1096,0.436,177,448,0.395,301,648,0.465,0.517,241,294,0.82,65,316,381,190,104,15,126,223,1374,15.3,0.561,0.409,0.268,2.4,12.8,7.4,10.0,1.7,0.4,9.3,19.9,5.2,0.6,5.9,0.09,1.4,-1.0,0.4,1.9
395,326,Johan Petro,C,68,1282,153,300,0.51,0,0,,153,300,0.51,0.51,47,75,0.627,109,187,296,15,25,51,60,213,353,10.4,0.53,0.0,0.25,10.1,17.9,13.9,1.8,1.0,3.1,15.3,13.7,0.7,0.2,1.0,0.037,-3.2,-1.5,-4.7,-0.9
397,328,Paul Pierce*,SF,79,3084,689,1462,0.471,111,314,0.354,578,1148,0.503,0.509,627,812,0.772,77,453,530,375,107,34,273,223,2116,23.6,0.582,0.215,0.555,3.1,17.5,10.5,23.4,1.8,0.8,13.0,31.2,8.3,3.2,11.5,0.178,5.0,-0.2,4.8,5.3
402,333,James Posey,SF,67,1914,159,395,0.403,117,290,0.403,42,105,0.4,0.551,48,61,0.787,33,286,319,89,54,20,58,196,483,9.8,0.572,0.734,0.154,2.1,16.9,9.8,6.8,1.5,0.8,12.1,11.6,1.8,2.4,4.2,0.104,-0.8,1.0,0.1,1.0
408,337,Tayshaun Prince,SF,82,2898,455,999,0.455,64,183,0.35,391,816,0.479,0.487,182,238,0.765,104,242,346,186,62,39,91,96,1156,14.8,0.524,0.183,0.238,4.2,10.0,7.1,10.8,1.2,1.0,7.6,19.6,4.0,3.0,7.0,0.115,0.5,-0.2,0.3,1.7
411,340,Vladimir Radmanović,PF,77,1974,262,643,0.407,138,354,0.39,124,289,0.429,0.515,93,114,0.816,64,294,358,136,61,29,93,210,755,13.6,0.545,0.551,0.177,3.9,17.4,10.8,10.9,1.6,1.1,11.8,18.1,2.3,1.4,3.8,0.091,1.0,-0.5,0.5,1.2
415,342,Zach Randolph,PF,74,2545,536,1229,0.436,16,55,0.291,520,1174,0.443,0.443,245,343,0.714,193,399,592,144,57,14,165,185,1333,16.9,0.483,0.045,0.279,9.0,19.1,14.0,11.4,1.2,0.4,10.7,28.8,0.4,0.9,1.3,0.024,0.5,-2.6,-2.0,0.0
418,345,Michael Redd,SG,80,3130,682,1516,0.45,163,413,0.395,519,1103,0.471,0.504,501,571,0.877,78,264,342,229,95,5,170,157,2028,21.2,0.574,0.272,0.377,2.9,10.2,6.5,13.8,1.6,0.1,8.8,28.3,8.8,2.0,10.8,0.166,4.7,-0.9,3.8,4.6
419,346,Justin Reed,SF,72,997,119,295,0.403,0,1,0.0,119,294,0.405,0.403,87,120,0.725,53,71,124,41,23,15,52,163,325,7.9,0.467,0.003,0.407,6.6,8.4,7.5,6.8,1.2,1.1,13.0,18.9,-0.4,0.8,0.4,0.021,-4.8,-1.0,-5.8,-0.9
422,347,Jason Richardson,SG,75,2877,641,1438,0.446,183,477,0.384,458,961,0.477,0.509,276,410,0.673,105,333,438,232,97,37,167,206,1741,19.2,0.538,0.332,0.285,4.0,13.2,8.5,15.6,1.7,1.0,9.4,27.6,4.5,2.8,7.3,0.122,3.4,-0.3,3.1,3.7
424,349,Luke Ridnour,PG,79,2625,334,799,0.418,43,149,0.289,291,650,0.448,0.445,199,227,0.877,47,188,235,550,123,22,162,178,910,16.0,0.506,0.186,0.284,2.1,8.8,5.4,32.3,2.5,0.6,15.3,18.1,4.4,0.0,4.4,0.081,1.1,-1.3,-0.2,1.2
427,352,Bernard Robinson,SF,66,1303,157,365,0.43,2,21,0.095,155,344,0.451,0.433,106,134,0.791,62,157,219,77,81,10,74,141,422,12.0,0.498,0.058,0.367,5.2,14.9,9.7,9.5,3.2,0.6,14.9,17.0,0.1,1.6,1.7,0.061,-2.9,1.1,-1.8,0.1
428,353,Clifford Robinson,PF,80,1863,219,513,0.427,60,175,0.343,159,338,0.47,0.485,52,79,0.658,55,212,267,89,44,40,62,206,550,9.6,0.502,0.341,0.154,3.4,13.5,8.4,8.2,1.3,1.7,10.2,15.4,0.2,2.7,2.8,0.073,-2.7,0.7,-1.9,0.1
429,354,Nate Robinson,PG,72,1544,230,565,0.407,58,146,0.397,172,419,0.411,0.458,152,202,0.752,56,111,167,147,59,1,114,201,670,12.6,0.512,0.258,0.358,4.4,8.8,6.6,17.0,2.0,0.1,14.8,22.5,1.0,0.5,1.5,0.046,-1.0,-1.1,-2.1,-0.1
430,355,Jalen Rose,SF-SG,72,1983,290,685,0.423,59,172,0.343,231,513,0.45,0.466,248,318,0.78,28,183,211,181,30,13,115,156,887,13.9,0.538,0.251,0.464,1.7,11.6,6.5,15.5,0.8,0.5,12.2,21.8,2.5,0.0,2.5,0.06,0.5,-2.0,-1.5,0.2
433,356,Malik Rose,PF,72,1119,105,281,0.374,1,1,1.0,104,280,0.371,0.375,107,137,0.781,84,175,259,67,43,14,80,145,318,10.2,0.466,0.004,0.488,9.0,19.2,14.1,9.7,2.0,1.0,19.0,17.1,-0.3,0.8,0.5,0.021,-2.6,-0.2,-2.8,-0.2
434,357,Quinton Ross,SF,67,1515,130,308,0.422,0,7,0.0,130,301,0.432,0.422,57,75,0.76,38,132,170,79,51,16,47,155,317,7.4,0.465,0.023,0.244,3.0,9.7,6.5,7.8,1.8,0.8,12.1,11.8,-0.2,1.7,1.6,0.05,-4.0,1.5,-2.5,-0.2
435,358,Michael Ruffin,C,76,1010,34,77,0.442,0,2,0.0,34,75,0.453,0.442,37,74,0.5,122,149,271,27,33,31,38,179,105,8.1,0.479,0.026,0.961,13.6,17.7,15.6,3.7,1.7,2.4,25.8,6.5,0.6,1.1,1.7,0.081,-3.4,0.7,-2.7,-0.2
438,361,John Salmons,SG,82,2059,219,521,0.42,26,87,0.299,193,434,0.445,0.445,155,200,0.775,48,172,220,223,73,13,125,178,619,10.7,0.508,0.167,0.384,2.7,9.8,6.3,16.7,1.8,0.5,17.0,16.3,0.5,1.2,1.7,0.04,-2.3,-0.3,-2.7,-0.3
441,364,Brian Scalabrine,PF,71,938,74,193,0.383,31,87,0.356,43,106,0.406,0.464,26,36,0.722,27,87,114,51,21,19,50,127,205,5.9,0.491,0.451,0.187,3.6,11.0,7.4,8.2,1.2,1.5,19.3,12.7,-0.4,0.7,0.3,0.015,-3.5,-0.1,-3.6,-0.4
446,369,Bobby Simmons,SF,75,2538,366,808,0.453,105,250,0.42,261,558,0.468,0.518,165,200,0.825,91,242,333,172,86,21,123,254,1002,13.8,0.559,0.309,0.248,4.2,11.5,7.8,11.2,1.8,0.7,12.1,18.3,3.3,2.0,5.3,0.101,0.2,0.1,0.3,1.5
448,371,Brian Skinner,PF-C,65,944,82,160,0.513,0,0,,82,160,0.513,0.513,27,56,0.482,76,152,228,30,25,43,45,119,191,10.5,0.517,0.0,0.35,9.5,19.2,14.3,5.0,1.4,3.4,19.6,11.4,0.1,1.0,1.1,0.057,-3.1,0.4,-2.7,-0.2
457,376,Josh Smith,SF,80,2559,329,774,0.425,34,110,0.309,295,664,0.444,0.447,210,292,0.719,176,355,531,191,64,208,162,260,902,15.5,0.5,0.142,0.377,8.0,17.2,12.5,12.2,1.3,6.2,15.2,18.9,1.5,2.1,3.6,0.067,-0.5,0.8,0.3,1.4
458,377,Eric Snow,PG,82,2351,163,399,0.409,1,10,0.1,162,389,0.416,0.41,64,93,0.688,38,160,198,346,76,19,116,218,391,8.1,0.444,0.025,0.233,1.9,8.1,5.0,22.2,1.7,0.6,20.9,10.9,0.0,2.0,2.1,0.042,-3.6,0.6,-3.0,-0.6
459,378,Kirk Snyder,SG,68,1310,205,453,0.453,46,129,0.357,159,324,0.491,0.503,86,117,0.735,55,106,161,102,29,23,70,106,542,14.6,0.537,0.285,0.258,4.9,9.9,7.3,13.9,1.2,1.4,12.2,20.5,1.4,0.9,2.2,0.082,1.1,-0.5,0.6,0.9
463,382,DeShawn Stevenson,SG,82,2648,359,781,0.46,2,15,0.133,357,766,0.466,0.461,180,242,0.744,59,182,241,160,58,17,123,178,900,10.9,0.507,0.019,0.31,2.8,8.3,5.6,10.1,1.2,0.5,12.2,18.1,1.2,1.3,2.4,0.044,-1.8,-0.8,-2.5,-0.3
464,383,Peja Stojaković,SF,71,2601,445,1018,0.437,162,404,0.401,283,614,0.461,0.517,238,260,0.915,79,336,415,136,45,10,103,171,1290,16.7,0.57,0.397,0.255,3.6,14.6,9.3,9.4,0.9,0.3,8.3,22.0,5.2,2.8,8.0,0.147,2.4,-0.8,1.6,2.3
471,388,Mike Sweetney,C,66,1222,200,444,0.45,0,0,,200,444,0.45,0.45,133,204,0.652,118,232,350,59,19,56,95,209,533,13.9,0.499,0.0,0.459,11.2,21.7,16.5,8.2,0.8,3.6,15.1,23.2,0.1,2.1,2.1,0.084,-3.3,0.5,-2.8,-0.3
473,390,Stromile Swift,C,66,1344,225,458,0.491,0,2,0.0,225,456,0.493,0.491,136,209,0.651,103,188,291,25,38,50,91,198,586,14.6,0.533,0.004,0.456,9.1,16.1,12.7,3.6,1.5,3.0,14.2,22.7,0.4,2.1,2.5,0.091,-2.8,0.1,-2.7,-0.2
474,391,Wally Szczerbiak,SF,72,2729,493,1012,0.487,102,255,0.4,391,757,0.517,0.538,278,310,0.897,77,236,313,213,40,19,136,150,1366,17.7,0.595,0.252,0.306,3.5,10.2,6.9,14.1,0.8,0.5,10.6,22.1,6.3,1.7,8.0,0.141,2.8,-1.2,1.6,2.5
479,394,Maurice Taylor,PF,67,1210,182,389,0.468,0,1,0.0,182,388,0.469,0.468,58,83,0.699,65,164,229,53,21,14,103,177,422,8.5,0.496,0.003,0.213,6.5,16.7,11.5,7.9,0.9,0.9,19.5,19.8,-1.0,0.4,-0.5,-0.021,-4.1,-1.5,-5.7,-1.1
480,395,Sebastian Telfair,PG,68,1641,228,578,0.394,57,162,0.352,171,416,0.411,0.444,130,175,0.743,19,101,120,247,66,6,115,167,643,13.0,0.491,0.28,0.303,1.4,7.5,4.4,26.5,2.2,0.3,14.9,22.2,0.4,0.2,0.6,0.017,-1.2,-1.6,-2.8,-0.3
481,396,Jason Terry,PG,80,2798,516,1099,0.47,171,416,0.411,345,683,0.505,0.547,168,210,0.8,31,127,158,306,100,27,135,196,1371,18.4,0.575,0.379,0.191,1.4,5.4,3.4,19.6,2.0,0.7,10.2,22.2,7.4,2.3,9.6,0.165,3.6,-0.2,3.3,3.7
483,398,Etan Thomas,C,71,1121,131,246,0.533,0,0,,131,246,0.533,0.533,75,125,0.6,99,180,279,14,20,68,51,148,337,13.6,0.56,0.0,0.508,10.0,19.3,14.5,2.0,0.9,4.7,14.5,14.0,1.2,1.3,2.5,0.107,-1.8,0.0,-1.7,0.1
491,401,Kenny Thomas,PF,82,2293,305,604,0.505,0,1,0.0,305,603,0.506,0.505,138,204,0.676,199,419,618,168,72,39,135,196,748,15.0,0.539,0.002,0.338,10.3,21.2,15.8,12.0,1.6,1.2,16.3,16.6,2.2,3.3,5.5,0.115,-0.7,0.6,0.0,1.1
503,409,Hedo Türkoğlu,SF,78,2615,398,877,0.454,114,283,0.403,284,594,0.478,0.519,255,296,0.861,70,263,333,216,70,21,130,234,1165,16.7,0.578,0.323,0.338,3.4,12.1,7.9,14.3,1.5,0.6,11.4,20.6,5.8,1.9,7.6,0.14,2.1,-0.2,2.0,2.5
506,412,Nick Van Exel,PG,65,986,136,343,0.397,55,154,0.357,81,189,0.429,0.477,28,41,0.683,6,85,91,123,16,3,57,60,355,11.0,0.492,0.449,0.12,0.7,9.9,5.5,20.2,0.9,0.2,13.6,20.2,0.1,1.3,1.4,0.07,-0.9,-0.2,-1.1,0.2
509,415,Jacque Vaughn,SG,80,1234,107,245,0.437,1,6,0.167,106,239,0.444,0.439,59,81,0.728,16,75,91,123,42,1,52,140,274,7.5,0.488,0.024,0.331,1.5,7.2,4.3,16.2,1.8,0.1,15.6,12.7,0.0,1.5,1.5,0.06,-5.3,1.1,-4.1,-0.7
510,416,Charlie Villanueva,PF,81,2361,435,940,0.463,70,214,0.327,365,726,0.503,0.5,113,160,0.706,181,340,521,88,60,63,99,247,1053,16.4,0.521,0.228,0.17,9.0,18.4,13.5,6.5,1.3,2.1,8.9,21.7,2.9,1.0,3.9,0.079,0.7,-1.6,-0.9,0.6
513,419,Sasha Vujačić,PG,82,1449,108,312,0.346,59,172,0.343,49,140,0.35,0.441,46,52,0.885,33,126,159,139,48,3,50,150,321,8.4,0.479,0.551,0.167,2.7,10.2,6.5,14.1,1.7,0.2,13.0,12.1,0.8,1.2,2.0,0.066,-2.6,0.4,-2.2,-0.1
514,420,Dwyane Wade*,SG,75,2892,699,1413,0.495,13,76,0.171,686,1337,0.513,0.499,629,803,0.783,107,323,430,503,146,58,268,217,2040,27.6,0.577,0.054,0.568,4.5,12.6,8.7,33.0,2.6,1.5,13.2,32.5,10.2,4.2,14.4,0.239,5.9,1.8,7.7,7.1
516,422,Antoine Walker,PF,82,2199,391,898,0.435,137,383,0.358,254,515,0.493,0.512,81,129,0.628,103,318,421,166,47,30,150,187,1000,14.4,0.524,0.427,0.144,5.8,16.3,11.3,12.8,1.1,1.0,13.6,23.2,1.1,2.5,3.6,0.08,1.1,-0.7,0.4,1.3
518,424,Ben Wallace*,C,82,2890,237,465,0.51,0,4,0.0,237,461,0.514,0.51,123,296,0.416,301,622,923,158,146,181,88,164,597,17.5,0.501,0.009,0.637,12.2,25.9,19.0,8.2,2.8,4.6,12.9,11.2,3.3,6.9,10.1,0.168,0.4,3.1,3.5,4.0
520,426,Rasheed Wallace,PF,80,2780,459,1067,0.43,155,434,0.357,304,633,0.48,0.503,136,183,0.743,90,457,547,182,82,130,85,232,1209,17.6,0.527,0.407,0.172,3.8,19.8,11.7,11.2,1.6,3.4,6.9,21.1,4.0,4.9,8.9,0.154,1.8,1.9,3.7,4.0
522,428,Luke Walton,SF,69,1333,135,328,0.412,18,55,0.327,117,273,0.429,0.439,57,76,0.75,88,159,247,156,41,15,78,119,345,11.6,0.477,0.168,0.232,7.8,14.0,10.9,17.9,1.6,0.9,17.7,15.0,0.6,1.3,2.0,0.071,-1.1,0.0,-1.1,0.3
523,429,Hakim Warrick,PF,68,724,101,228,0.443,0,0,,101,228,0.443,0.443,76,115,0.661,43,101,144,30,14,21,56,113,278,11.0,0.499,0.0,0.504,7.3,16.8,12.1,7.5,1.1,2.3,16.7,22.5,-0.3,1.1,0.8,0.053,-4.9,-0.1,-5.0,-0.5
524,430,Earl Watson,PG,70,1578,219,509,0.43,110,272,0.404,109,237,0.46,0.538,75,111,0.676,24,134,158,289,68,10,136,159,623,14.6,0.558,0.534,0.218,1.8,10.1,5.9,29.0,2.2,0.5,19.6,19.7,1.7,1.0,2.7,0.081,0.9,-0.7,0.2,0.9
527,431,Chris Webber*,PF,75,2893,617,1422,0.434,21,77,0.273,596,1345,0.443,0.441,263,348,0.756,184,557,741,256,103,62,182,219,1518,18.4,0.482,0.054,0.245,7.4,22.6,15.0,16.4,1.8,1.6,10.4,27.7,1.1,3.3,4.4,0.074,0.6,-0.7,-0.1,1.3
531,435,David Wesley,SG,71,2372,226,561,0.403,99,271,0.365,127,290,0.438,0.491,151,187,0.807,24,154,178,204,59,6,120,212,702,9.6,0.546,0.483,0.333,1.2,7.5,4.4,14.6,1.4,0.2,15.7,15.3,1.4,2.2,3.6,0.072,-2.2,0.2,-2.0,0.0
532,436,David West,PF,74,2526,530,1036,0.512,3,11,0.273,527,1025,0.514,0.513,199,236,0.843,168,380,548,92,61,64,105,214,1262,19.7,0.554,0.011,0.228,7.7,18.4,12.9,7.2,1.3,2.1,8.4,23.0,4.8,2.6,7.4,0.141,1.8,-0.3,1.4,2.2
533,437,Delonte West,PG,71,2418,333,684,0.487,84,218,0.385,249,466,0.534,0.548,86,101,0.851,57,232,289,329,84,46,133,197,836,15.1,0.574,0.319,0.148,2.9,11.4,7.3,22.5,1.8,1.5,15.4,16.4,3.6,2.1,5.7,0.114,1.2,0.7,1.9,2.4
535,439,Chris Wilcox,C-PF,77,1529,257,450,0.571,0,2,0.0,257,448,0.574,0.571,112,153,0.732,118,292,410,52,33,34,72,183,626,17.3,0.605,0.004,0.34,9.3,22.5,15.9,5.7,1.1,1.7,12.2,17.5,3.2,1.2,4.4,0.138,0.4,-0.5,-0.1,0.7
538,440,Damien Wilkins,SF,82,1525,193,435,0.444,14,56,0.25,179,379,0.472,0.46,136,162,0.84,79,113,192,107,72,12,85,144,536,13.1,0.529,0.129,0.372,6.2,9.1,7.6,10.8,2.5,0.6,14.4,17.4,1.7,0.1,1.7,0.054,-0.8,-0.9,-1.6,0.1
546,444,Deron Williams,PG,80,2307,339,805,0.421,91,219,0.416,248,586,0.423,0.478,95,135,0.704,35,159,194,359,60,17,145,233,864,12.4,0.5,0.272,0.168,1.8,8.4,5.1,28.6,1.4,0.6,14.4,20.3,1.5,1.3,2.8,0.059,-0.5,-1.2,-1.7,0.2
550,448,Marvin Williams,PF,79,1952,235,531,0.443,13,53,0.245,222,478,0.464,0.455,189,253,0.747,122,261,383,63,48,24,83,227,672,12.2,0.523,0.1,0.476,7.3,16.5,11.8,5.2,1.3,0.9,11.4,16.9,2.1,0.7,2.8,0.069,-1.8,-1.7,-3.5,-0.7
561,457,Lorenzen Wright,C,78,1689,194,406,0.478,0,2,0.0,194,404,0.48,0.478,66,117,0.564,142,253,395,48,52,46,67,201,454,12.2,0.496,0.005,0.288,10.3,18.0,14.2,4.9,1.7,2.2,12.8,15.1,0.8,3.0,3.7,0.106,-2.7,0.7,-2.1,0.0
