,Rk,Player,Pos,G,MP,FG,FGA,FG%,3P,3PA,3P%,2P,2PA,2P%,eFG%,FT,FTA,FT%,ORB,DRB,TRB,AST,STL,BLK,TOV,PF,PTS,PER,TS%,3PAr,FTr,ORB%,DRB%,TRB%,AST%,STL%,BLK%,TOV%,USG%,OWS,DWS,WS,WS/48,OBPM,DBPM,BPM,VORP
2,3,Shareef Abdur-Rahim,SF,81,3241,604,1280,0.472,12,64,0.188,592,1216,0.487,0.477,443,531,0.834,175,560,735,250,90,77,231,238,1663,19.1,0.549,0.05,0.415,6.2,19.6,13.0,14.3,1.5,1.6,13.2,24.6,5.6,2.9,8.5,0.126,1.7,0.1,1.8,3.1
4,5,Courtney Alexander,PG,65,1382,239,573,0.417,17,46,0.37,222,527,0.421,0.432,123,150,0.82,42,101,143,62,45,5,75,139,618,11.6,0.484,0.08,0.262,3.5,8.4,5.9,8.0,1.7,0.3,10.5,23.2,0.3,0.5,0.8,0.027,-2.4,-1.9,-4.3,-0.8
7,6,Ray Allen*,SG,82,3129,628,1309,0.48,202,467,0.433,426,842,0.506,0.557,348,392,0.888,101,327,428,374,124,20,204,192,1806,22.9,0.61,0.357,0.299,3.7,11.8,7.8,20.4,2.1,0.5,12.1,24.4,11.5,2.2,13.7,0.211,5.7,-0.3,5.5,5.9
9,8,John Amaechi,C,82,1710,237,592,0.4,0,7,0.0,237,585,0.405,0.4,176,279,0.631,77,191,268,74,28,29,124,175,650,8.7,0.455,0.012,0.471,4.9,12.7,8.7,7.0,0.8,1.2,14.8,21.7,-1.3,1.4,0.0,0.001,-4.3,-1.8,-6.1,-1.7
10,9,Derek Anderson,SG,82,2859,413,993,0.416,101,253,0.399,312,740,0.422,0.467,342,402,0.851,75,288,363,301,120,14,165,188,1269,17.1,0.542,0.255,0.405,3.1,10.9,7.2,18.1,2.2,0.3,12.4,21.9,5.6,4.3,9.9,0.166,1.2,1.2,2.4,3.2
13,12,Shandon Anderson,SG,82,2396,263,590,0.446,46,170,0.271,217,420,0.517,0.485,138,188,0.734,72,261,333,189,82,40,131,202,710,11.9,0.528,0.288,0.319,3.6,12.3,8.0,12.5,1.8,1.2,16.3,15.4,1.9,2.0,3.9,0.078,-1.1,0.7,-0.4,0.9
15,14,Darrell Armstrong,PG,75,2767,413,1002,0.412,143,403,0.355,270,599,0.451,0.484,220,249,0.884,94,249,343,524,135,13,200,155,1189,18.6,0.535,0.402,0.249,3.7,10.2,6.9,31.3,2.5,0.3,15.2,21.0,5.8,2.9,8.7,0.151,3.2,0.1,3.3,3.6
16,15,Chucky Atkins,PG,81,2363,380,952,0.399,121,339,0.357,259,613,0.423,0.463,90,130,0.692,28,145,173,330,67,5,149,184,971,12.2,0.481,0.356,0.137,1.2,6.7,3.9,24.3,1.4,0.1,12.9,21.2,1.2,1.6,2.8,0.057,-0.6,-1.0,-1.6,0.3
17,16,Stacey Augmon,SG,66,1182,127,266,0.477,0,4,0.0,127,262,0.485,0.477,57,87,0.655,60,99,159,98,48,21,48,105,311,12.3,0.511,0.015,0.327,6.3,9.7,8.0,12.7,2.2,1.3,13.6,13.9,1.3,1.2,2.5,0.102,-1.1,1.3,0.2,0.7
21,20,Vin Baker,PF,76,2129,347,822,0.422,1,16,0.063,346,806,0.429,0.423,232,321,0.723,179,251,430,90,38,73,158,264,927,13.0,0.481,0.019,0.391,9.7,13.5,11.6,7.0,0.9,2.5,14.1,23.8,0.6,1.2,1.8,0.04,-2.4,-1.8,-4.2,-1.2
24,23,Brent Barry,SG,67,1778,198,401,0.494,109,229,0.476,89,172,0.517,0.63,84,103,0.816,33,178,211,225,80,14,86,126,589,16.6,0.66,0.571,0.257,2.1,11.4,6.8,19.4,2.4,0.6,16.2,13.5,4.6,1.2,5.8,0.157,2.3,0.9,3.3,2.4
29,28,Corey Benjamin,PG,65,857,115,302,0.381,21,81,0.259,94,221,0.425,0.416,56,83,0.675,38,62,100,69,28,16,63,128,307,8.8,0.453,0.268,0.275,5.1,8.9,6.9,14.6,1.8,1.4,15.7,21.8,-0.8,0.3,-0.5,-0.028,-3.5,-1.6,-5.1,-0.7
31,30,Travis Best,PG,77,2457,347,788,0.44,37,97,0.381,310,691,0.449,0.464,187,226,0.827,38,184,222,473,110,11,127,246,918,16.7,0.517,0.123,0.287,1.8,8.2,5.1,34.0,2.4,0.3,12.5,19.3,4.8,2.3,7.2,0.14,0.8,0.6,1.4,2.1
32,31,Mike Bibby,PG,82,3190,525,1157,0.454,108,285,0.379,417,872,0.478,0.5,143,188,0.761,47,257,304,685,107,12,248,148,1301,16.8,0.525,0.246,0.162,1.7,9.2,5.5,38.3,1.8,0.3,16.7,21.3,4.0,1.4,5.3,0.081,2.0,-1.2,0.7,2.2
33,32,Chauncey Billups*,SG,77,1790,248,587,0.422,73,194,0.376,175,393,0.445,0.485,144,171,0.842,32,126,158,260,51,11,111,178,713,14.1,0.538,0.33,0.291,2.0,8.1,5.0,22.2,1.5,0.4,14.4,19.5,2.7,0.9,3.7,0.098,0.4,-0.9,-0.5,0.7
34,33,Mookie Blaylock,PG,69,2352,317,801,0.396,73,225,0.324,244,576,0.424,0.441,53,76,0.697,71,201,272,462,163,20,128,134,760,15.8,0.455,0.281,0.095,3.0,9.9,6.1,32.3,3.5,0.6,13.3,17.3,1.9,1.6,3.5,0.071,0.2,1.0,1.2,1.9
35,34,Corie Blount,PF,68,1305,130,294,0.442,2,8,0.25,128,286,0.448,0.446,51,83,0.614,181,219,400,59,42,22,73,165,313,11.8,0.473,0.027,0.282,13.9,19.4,16.5,7.1,1.6,1.2,18.1,13.2,0.5,1.2,1.8,0.065,-2.6,-0.9,-3.5,-0.5
45,40,Bruce Bowen,SF,82,2685,211,581,0.363,103,307,0.336,108,274,0.394,0.452,98,161,0.609,45,200,245,132,83,53,74,269,623,8.1,0.478,0.528,0.277,2.0,8.8,5.4,8.2,1.7,1.5,10.2,13.1,0.5,3.7,4.2,0.075,-2.6,1.5,-1.1,0.6
49,44,Shawn Bradley,C,82,2001,219,447,0.49,1,6,0.167,218,441,0.494,0.491,140,178,0.787,160,448,608,38,36,228,88,256,579,16.2,0.551,0.013,0.398,9.2,24.4,17.0,2.8,0.9,8.1,14.3,13.9,2.5,3.8,6.3,0.151,-1.0,2.5,1.6,1.8
50,45,Elton Brand,PF,74,2906,578,1215,0.476,0,2,0.0,578,1213,0.477,0.476,334,472,0.708,285,461,746,240,71,118,219,243,1490,20.4,0.524,0.002,0.388,11.2,19.6,15.2,17.0,1.3,3.0,13.3,26.3,4.1,2.0,6.1,0.101,2.2,-1.2,1.1,2.2
51,46,Terrell Brandon,PG,78,2821,511,1134,0.451,33,91,0.363,478,1043,0.458,0.465,195,224,0.871,60,238,298,583,161,21,155,138,1250,20.0,0.507,0.08,0.198,2.4,9.7,6.0,33.7,3.0,0.5,11.2,22.2,5.8,2.7,8.5,0.145,2.6,0.5,3.1,3.6
56,49,P.J. Brown,C,80,2811,249,561,0.444,0,4,0.0,249,557,0.447,0.444,178,209,0.852,257,485,742,127,78,92,108,260,676,13.3,0.518,0.007,0.373,10.5,19.6,15.1,7.3,1.5,2.4,14.2,12.5,3.4,4.7,8.0,0.137,-1.3,0.9,-0.4,1.1
61,52,Kobe Bryant*,SG,68,2783,701,1510,0.464,61,200,0.305,640,1310,0.489,0.484,475,557,0.853,104,295,399,338,114,43,220,222,1938,24.5,0.552,0.132,0.369,4.3,11.8,8.1,23.0,2.1,1.1,11.1,31.8,9.2,2.2,11.3,0.196,5.1,-0.3,4.8,4.7
68,59,Jason Caffey,PF,70,1460,179,367,0.488,0,0,,179,367,0.488,0.488,142,211,0.673,135,218,353,53,38,25,77,184,500,13.7,0.544,0.0,0.575,10.6,16.8,13.7,5.5,1.4,1.3,14.3,16.6,2.3,1.2,3.5,0.114,-1.2,-1.0,-2.2,-0.1
70,61,Elden Campbell,PF,78,2337,367,834,0.44,0,6,0.0,367,828,0.443,0.44,288,406,0.709,157,451,608,104,60,140,144,280,1022,16.4,0.505,0.007,0.487,7.7,21.9,14.8,8.1,1.4,4.4,12.4,22.8,1.9,4.5,6.4,0.131,-1.5,1.1,-0.4,1.0
73,64,Anthony Carter,PG,72,1630,195,480,0.406,6,40,0.15,189,440,0.43,0.413,65,103,0.631,46,134,180,268,73,10,119,154,461,11.3,0.439,0.083,0.215,3.4,9.8,6.6,29.5,2.5,0.5,18.5,19.2,-0.8,2.5,1.7,0.05,-3.0,1.1,-1.9,0.0
74,65,Vince Carter*,SF,75,2979,762,1656,0.46,162,397,0.408,600,1259,0.477,0.509,384,502,0.765,176,240,416,291,114,82,167,205,2070,25.0,0.551,0.24,0.303,6.5,9.3,7.9,19.2,2.0,1.9,8.2,30.7,10.3,2.6,12.9,0.208,7.6,0.1,7.6,7.2
75,66,Sam Cassell,PG,76,2709,537,1132,0.474,30,98,0.306,507,1034,0.49,0.488,277,323,0.858,46,244,290,580,88,8,220,214,1381,20.1,0.542,0.087,0.285,1.9,10.1,6.1,36.4,1.7,0.2,14.7,24.9,7.0,1.4,8.5,0.15,2.5,-1.5,1.1,2.1
82,71,Chris Childs,PG,77,1859,135,335,0.403,32,106,0.302,103,229,0.45,0.451,60,71,0.845,24,178,202,355,59,15,156,242,362,9.0,0.494,0.316,0.212,1.5,11.2,6.4,29.8,1.7,0.6,29.9,13.3,-0.2,2.3,2.2,0.057,-3.4,0.8,-2.6,-0.3
85,72,Doug Christie,SG,81,2939,311,788,0.395,94,250,0.376,217,538,0.403,0.454,280,312,0.897,95,260,355,289,183,45,154,224,996,14.8,0.538,0.317,0.396,3.6,9.3,6.5,14.6,3.2,1.0,14.3,16.2,4.3,4.4,8.7,0.141,0.0,2.3,2.3,3.2
86,73,Keon Clark,PF,81,1720,249,519,0.48,0,1,0.0,249,518,0.481,0.48,142,240,0.592,136,298,434,72,32,154,90,244,640,15.6,0.512,0.002,0.462,8.6,19.6,14.0,6.8,1.0,6.3,12.6,18.6,1.5,2.2,3.7,0.104,-2.1,1.0,-1.1,0.4
89,74,Mateen Cleaves,PG,78,1268,160,400,0.4,5,17,0.294,155,383,0.405,0.406,97,137,0.708,26,106,132,207,49,1,139,153,422,9.0,0.458,0.043,0.343,2.2,9.1,5.6,26.8,2.0,0.1,23.2,20.5,-1.3,1.2,-0.1,-0.006,-4.5,-0.7,-5.2,-1.0
100,83,Austin Croshere,PF,81,1874,276,701,0.394,70,207,0.338,206,494,0.417,0.444,200,231,0.866,123,264,387,92,36,50,136,180,822,14.3,0.512,0.295,0.33,7.7,15.5,11.7,8.8,1.0,1.9,14.5,23.4,1.2,2.0,3.2,0.082,-0.1,-1.0,-1.2,0.4
102,85,Vonteego Cummings,PG,66,1495,178,517,0.344,48,143,0.336,130,374,0.348,0.391,79,116,0.681,47,90,137,227,67,14,91,160,483,10.4,0.425,0.277,0.224,3.1,7.0,4.9,24.4,2.3,0.7,13.8,18.6,-0.2,0.4,0.2,0.007,-2.6,-0.8,-3.4,-0.5
106,87,Dell Curry,SG,71,956,162,382,0.424,62,145,0.428,100,237,0.422,0.505,43,51,0.843,16,69,85,75,27,8,39,66,429,14.4,0.53,0.38,0.134,1.8,8.3,5.0,13.2,1.5,0.6,8.8,20.7,1.5,0.5,2.0,0.101,1.2,-0.8,0.3,0.6
107,88,Michael Curry,SG,68,1485,145,319,0.455,4,9,0.444,141,310,0.455,0.461,62,73,0.849,21,100,121,132,27,3,61,173,356,7.5,0.507,0.028,0.229,1.5,7.4,4.4,13.9,0.9,0.1,14.8,12.0,0.8,0.9,1.7,0.055,-4.2,0.0,-4.3,-0.9
109,90,Antonio Daniels,PG,79,2060,275,588,0.468,74,183,0.404,201,405,0.496,0.531,121,156,0.776,26,137,163,304,61,14,109,120,745,15.5,0.567,0.311,0.265,1.5,7.2,4.5,24.9,1.6,0.5,14.2,17.5,4.1,2.4,6.6,0.153,1.3,0.4,1.7,1.9
113,92,Antonio Davis,C,78,2729,375,866,0.433,0,1,0.0,375,865,0.434,0.433,319,423,0.754,274,513,787,106,22,151,135,230,1069,16.5,0.508,0.001,0.488,11.0,21.7,16.2,6.2,0.4,3.9,11.4,19.5,4.2,3.1,7.2,0.127,-0.3,-0.8,-1.1,0.6
114,93,Baron Davis,PG,82,3192,409,957,0.427,85,274,0.31,324,683,0.474,0.472,228,337,0.677,129,279,408,598,170,36,226,267,1131,16.6,0.512,0.286,0.352,4.6,9.9,7.3,32.5,2.9,0.8,17.0,19.2,4.2,4.7,8.9,0.134,1.0,1.4,2.4,3.6
115,94,Dale Davis,C,81,2162,242,487,0.497,0,4,0.0,242,483,0.501,0.497,96,152,0.632,233,373,606,103,44,76,67,199,580,15.1,0.524,0.008,0.312,13.3,19.9,16.7,7.4,1.1,2.6,10.8,13.4,3.8,2.8,6.6,0.147,0.3,-0.1,0.2,1.2
117,96,Hubert Davis,PG,66,1692,196,433,0.453,78,171,0.456,118,262,0.45,0.543,54,62,0.871,28,111,139,110,35,1,81,121,524,10.0,0.569,0.395,0.143,1.9,7.3,4.6,10.3,1.1,0.0,15.0,14.5,1.6,0.6,2.2,0.062,-0.6,-1.1,-1.7,0.1
123,100,Andrew DeClercq,C,67,903,107,193,0.554,0,0,,107,193,0.554,0.554,47,82,0.573,91,145,236,32,41,33,51,198,261,12.8,0.57,0.0,0.425,10.9,18.3,14.5,5.6,2.3,2.7,18.2,13.7,1.0,1.4,2.5,0.132,-3.4,1.2,-2.2,0.0
124,101,Vinny Del Negro,PG,65,922,106,234,0.453,1,13,0.077,105,221,0.475,0.455,41,44,0.932,12,70,82,126,26,3,34,78,254,11.3,0.501,0.056,0.188,1.4,8.8,4.9,21.7,1.5,0.2,11.8,13.6,1.0,0.6,1.6,0.085,-2.2,0.4,-1.8,0.0
127,102,Tony Delk,SG,82,2288,383,923,0.415,54,168,0.321,329,755,0.436,0.444,185,235,0.787,76,185,261,160,75,17,101,171,1005,13.4,0.49,0.182,0.255,3.7,9.3,6.5,12.1,1.7,0.5,9.0,22.0,1.7,2.9,4.6,0.096,-0.7,0.1,-0.6,0.8
129,104,Michael Dickerson,SG,70,2618,425,1020,0.417,86,230,0.374,339,790,0.429,0.459,206,270,0.763,70,159,229,233,62,27,162,207,1142,12.4,0.501,0.225,0.265,3.1,6.9,5.0,15.8,1.2,0.7,12.5,22.7,1.2,0.7,1.8,0.034,-0.7,-1.5,-2.2,-0.2
130,105,Vlade Divac*,C,81,2420,364,755,0.482,4,14,0.286,360,741,0.486,0.485,242,350,0.691,207,466,673,231,87,93,192,242,974,17.7,0.536,0.019,0.464,9.5,20.2,15.0,15.2,1.8,2.6,17.4,20.1,3.1,4.3,7.4,0.147,0.3,1.6,1.9,2.4
131,106,Michael Doleac,C,77,1398,220,527,0.417,0,3,0.0,220,524,0.42,0.417,50,59,0.847,70,203,273,65,37,41,59,239,490,9.9,0.443,0.006,0.112,5.4,16.5,10.8,7.8,1.4,2.2,9.6,19.4,-0.2,1.7,1.5,0.05,-4.4,0.1,-4.3,-0.8
132,107,Keyon Dooling,PG,76,1237,148,362,0.409,28,80,0.35,120,282,0.426,0.448,125,179,0.698,8,81,89,177,41,11,94,107,449,12.6,0.509,0.221,0.494,0.8,7.3,4.1,23.7,1.8,0.6,17.6,20.0,0.8,0.7,1.4,0.056,-1.5,-0.9,-2.5,-0.2
136,111,Tim Duncan*,PF,82,3174,702,1406,0.499,7,27,0.259,695,1379,0.504,0.502,409,662,0.618,259,738,997,245,70,192,242,247,1820,23.8,0.536,0.019,0.471,9.7,25.1,17.8,15.3,1.2,4.2,12.5,28.7,6.2,7.1,13.2,0.2,2.9,1.8,4.7,5.4
139,114,Howard Eisley,SG,82,2426,265,675,0.393,107,269,0.398,158,406,0.389,0.472,104,126,0.825,23,174,197,295,99,12,102,218,741,11.7,0.507,0.399,0.187,1.1,7.8,4.5,18.2,2.1,0.4,12.3,15.6,2.4,2.0,4.4,0.087,-0.5,0.6,0.0,1.2
144,117,Mario Elie,SG,68,1506,104,246,0.423,36,100,0.36,68,146,0.466,0.496,55,69,0.797,38,117,155,131,58,12,60,112,299,9.3,0.541,0.407,0.28,2.8,9.0,5.8,12.9,2.0,0.6,17.8,10.0,1.1,2.0,3.1,0.097,-2.2,2.0,-0.2,0.7
146,119,LaPhonso Ellis,PF,82,1948,298,642,0.464,7,22,0.318,291,620,0.469,0.47,169,214,0.79,199,295,494,93,67,74,108,290,772,16.0,0.524,0.034,0.333,11.6,17.5,14.5,7.5,1.8,2.7,12.8,19.6,2.9,2.3,5.2,0.127,-0.9,-0.3,-1.2,0.4
148,121,Evan Eschmeyer,C,74,1331,92,200,0.46,0,0,,92,200,0.46,0.46,67,102,0.657,135,231,366,40,41,58,53,220,251,10.8,0.512,0.0,0.51,11.3,20.5,15.8,4.7,1.6,3.3,17.8,10.1,1.1,1.5,2.5,0.091,-3.0,0.4,-2.6,-0.2
149,122,Patrick Ewing*,C,79,2107,294,684,0.43,0,2,0.0,294,682,0.431,0.43,172,251,0.685,124,461,585,92,53,91,151,229,760,12.9,0.478,0.003,0.367,6.8,25.0,15.9,7.0,1.3,3.1,16.0,20.3,-0.5,2.5,2.0,0.046,-2.9,-0.2,-3.2,-0.6
151,124,Danny Ferry,SF,80,1688,178,375,0.475,70,156,0.449,108,219,0.493,0.568,22,30,0.733,55,168,223,71,28,21,50,169,448,10.1,0.577,0.416,0.08,3.9,10.7,7.5,6.8,0.9,0.9,11.4,12.2,2.1,2.0,4.1,0.117,-0.6,0.6,0.0,0.8
152,125,Michael Finley,SF,82,3443,711,1552,0.458,91,263,0.346,620,1289,0.481,0.487,252,325,0.775,109,316,425,360,118,32,190,174,1765,18.2,0.521,0.169,0.209,3.6,10.0,6.9,18.3,1.8,0.7,10.1,24.9,5.6,2.9,8.5,0.119,2.4,-0.5,1.9,3.4
154,127,Marcus Fizer,PF,72,1580,278,646,0.43,10,39,0.256,268,607,0.442,0.438,117,161,0.727,76,237,313,76,30,19,124,175,683,11.0,0.476,0.06,0.249,5.5,18.5,11.8,9.4,1.0,0.9,14.7,24.7,-1.3,0.6,-0.7,-0.022,-3.3,-2.8,-6.1,-1.6
157,130,Jeff Foster,C,71,1152,100,213,0.469,2,7,0.286,98,206,0.476,0.474,47,91,0.516,144,245,389,33,39,28,52,152,249,12.5,0.492,0.033,0.427,14.6,23.4,19.1,4.6,1.8,1.7,17.0,12.4,0.8,1.9,2.7,0.113,-1.9,-0.2,-2.1,0.0
158,131,Rick Fox,SF,82,2291,287,646,0.444,118,300,0.393,169,346,0.488,0.536,95,122,0.779,80,245,325,262,70,29,136,225,787,13.8,0.562,0.464,0.189,4.0,11.9,8.0,17.4,1.6,0.9,16.3,16.3,3.7,1.4,5.1,0.107,0.8,-0.3,0.5,1.4
160,133,Steve Francis,PG,80,3194,550,1219,0.451,133,336,0.396,417,883,0.472,0.506,358,438,0.817,190,363,553,517,141,31,265,274,1591,21.6,0.563,0.276,0.359,7.1,12.8,10.0,28.4,2.3,0.7,15.8,24.2,9.2,3.0,12.2,0.184,4.5,0.5,5.0,5.7
167,138,Kevin Garnett*,PF,81,3202,704,1475,0.477,19,66,0.288,685,1409,0.486,0.484,357,467,0.764,219,702,921,401,111,145,230,204,1784,23.9,0.531,0.045,0.317,7.7,25.3,16.4,21.8,1.8,3.2,12.0,27.0,7.0,4.8,11.8,0.176,4.5,1.4,6.0,6.4
168,139,Dean Garrett,C,70,831,75,156,0.481,0,0,,75,156,0.481,0.481,27,39,0.692,65,152,217,24,26,49,25,93,177,12.5,0.511,0.0,0.25,8.8,21.1,14.9,4.1,1.6,4.2,12.6,10.8,0.7,1.2,1.9,0.109,-1.6,1.0,-0.6,0.3
169,140,Pat Garrity,SF,76,1579,223,576,0.387,97,224,0.433,126,352,0.358,0.471,85,98,0.867,51,159,210,51,40,15,68,241,628,10.1,0.507,0.389,0.17,3.5,11.4,7.4,5.3,1.3,0.7,9.9,19.2,1.2,1.3,2.5,0.076,-2.0,-1.0,-3.0,-0.4
170,141,Chris Gatling,PF,74,1670,329,733,0.449,28,92,0.304,301,641,0.47,0.468,156,228,0.684,99,292,391,61,52,27,119,185,842,15.6,0.505,0.126,0.311,6.9,20.2,13.6,6.9,1.6,1.2,12.5,25.8,0.8,1.6,2.4,0.068,-0.7,-1.2,-1.9,0.0
178,149,Brian Grant,C,82,2771,484,1010,0.479,0,1,0.0,484,1009,0.48,0.479,282,354,0.797,217,501,718,101,60,71,170,293,1250,17.5,0.536,0.001,0.35,9.3,21.5,15.4,7.2,1.2,2.0,12.7,23.4,3.7,5.0,8.7,0.151,-0.3,0.2,-0.1,1.3
180,151,Horace Grant,PF,77,2390,263,569,0.462,0,3,0.0,263,566,0.465,0.462,131,169,0.775,220,325,545,121,51,61,48,181,657,14.3,0.511,0.005,0.297,10.5,15.2,12.9,7.5,1.1,1.8,6.9,12.9,4.8,1.7,6.5,0.13,0.6,-0.6,0.0,1.2
181,152,A.C. Green,PF,82,1411,144,324,0.444,0,6,0.0,144,318,0.453,0.444,79,111,0.712,107,206,313,39,30,8,45,119,367,11.2,0.492,0.019,0.343,9.0,17.3,13.2,4.8,1.2,0.4,10.8,14.4,1.1,2.1,3.2,0.11,-2.2,0.0,-2.2,-0.1
186,157,Richard Hamilton,SF,78,2519,547,1249,0.438,40,146,0.274,507,1103,0.46,0.454,277,319,0.868,75,163,238,224,75,10,201,203,1411,15.7,0.508,0.117,0.255,3.4,7.7,5.5,17.7,1.5,0.3,12.6,28.1,2.3,0.1,2.4,0.046,0.4,-2.6,-2.2,-0.1
190,161,Tim Hardaway*,PG,77,2613,408,1042,0.392,189,517,0.366,219,525,0.417,0.482,145,181,0.801,26,178,204,483,90,6,189,155,1150,16.7,0.513,0.496,0.174,1.2,8.1,4.6,35.5,1.9,0.2,14.4,24.3,3.1,3.3,6.4,0.118,2.8,-0.4,2.4,2.9
193,164,Al Harrington,PF,78,1892,241,543,0.444,1,7,0.143,240,536,0.448,0.445,103,157,0.656,119,262,381,130,63,18,148,223,586,10.2,0.479,0.013,0.289,7.4,15.2,11.4,11.8,1.8,0.7,19.5,18.8,-1.0,2.2,1.2,0.031,-3.3,-0.1,-3.4,-0.7
194,165,Othella Harrington,C,74,1815,247,507,0.487,0,3,0.0,247,504,0.49,0.487,171,224,0.763,139,249,388,56,34,45,145,237,665,12.0,0.549,0.006,0.442,9.0,15.7,12.4,5.3,1.0,1.8,19.3,19.2,0.8,1.7,2.5,0.067,-2.9,-0.4,-3.3,-0.6
197,166,Lucious Harris,SG,73,2071,265,624,0.425,46,132,0.348,219,492,0.445,0.462,107,139,0.77,71,217,288,135,74,16,64,127,683,12.9,0.498,0.212,0.223,3.8,12.4,8.0,11.3,1.9,0.6,8.5,16.4,2.0,1.2,3.1,0.073,-0.2,-0.4,-0.7,0.7
203,172,Alan Henderson,PF,73,1810,298,671,0.444,0,1,0.0,298,670,0.445,0.444,173,271,0.638,180,226,406,50,51,29,126,164,769,14.0,0.487,0.001,0.404,11.0,14.0,12.5,4.9,1.5,1.1,13.8,22.6,0.5,1.4,1.9,0.05,-1.2,-1.9,-3.0,-0.5
207,176,Tyrone Hill,PF,76,2363,278,587,0.474,0,1,0.0,278,586,0.474,0.474,172,273,0.63,239,448,687,48,37,27,127,242,728,12.4,0.515,0.002,0.465,11.7,21.0,16.4,3.3,0.8,0.8,15.2,16.0,2.0,3.5,5.5,0.111,-1.7,-0.8,-2.4,-0.3
208,177,Fred Hoiberg,SG,74,2247,217,495,0.438,103,250,0.412,114,245,0.465,0.542,136,157,0.866,21,287,308,263,98,12,74,155,673,15.3,0.597,0.505,0.317,1.1,15.8,8.1,19.9,2.3,0.4,11.6,13.2,4.6,1.3,5.9,0.126,0.8,0.4,1.2,1.8
209,178,Robert Horry,PF,79,1587,147,380,0.387,54,156,0.346,93,224,0.415,0.458,59,83,0.711,93,203,296,128,54,54,79,210,407,11.0,0.489,0.411,0.218,6.7,14.3,10.5,11.7,1.8,2.4,15.9,14.0,1.1,1.5,2.6,0.078,-1.0,0.6,-0.4,0.7
211,180,Allan Houston,SG,78,2858,542,1208,0.449,96,252,0.381,446,956,0.467,0.488,279,307,0.909,20,263,283,173,52,10,161,190,1459,16.1,0.543,0.209,0.254,0.9,10.8,6.0,12.0,1.0,0.3,10.7,25.7,4.1,3.5,7.5,0.126,1.3,-0.1,1.1,2.2
212,181,Juwan Howard,PF,81,2974,583,1218,0.479,0,3,0.0,583,1215,0.48,0.479,296,383,0.773,171,401,572,224,75,37,242,292,1462,16.0,0.527,0.002,0.314,6.6,15.6,11.1,13.9,1.3,0.9,14.9,24.6,2.8,1.6,4.4,0.071,0.0,-1.2,-1.2,0.6
215,182,Troy Hudson,PG,75,1008,125,372,0.336,22,109,0.202,103,263,0.392,0.366,85,104,0.817,38,67,105,162,37,3,92,82,357,10.2,0.427,0.293,0.28,4.1,7.6,5.8,25.5,1.9,0.2,18.0,22.4,-0.7,0.8,0.1,0.003,-2.6,-1.7,-4.3,-0.6
217,184,Lindsey Hunter,PG,82,2002,298,783,0.381,152,407,0.373,146,376,0.388,0.478,77,96,0.802,32,137,169,222,102,12,68,172,825,14.8,0.5,0.52,0.123,1.8,7.7,4.8,17.4,2.7,0.4,7.6,20.2,3.1,1.4,4.6,0.109,1.1,0.1,1.2,1.6
219,186,Allen Iverson*,SG,71,2979,762,1813,0.42,98,306,0.32,664,1507,0.441,0.447,585,719,0.814,50,223,273,325,178,20,237,147,2207,24.0,0.518,0.169,0.397,1.9,8.3,5.2,23.0,3.2,0.5,10.0,35.9,7.3,4.5,11.8,0.19,5.0,1.1,6.1,6.1
220,187,Bobby Jackson,PG,79,1648,231,526,0.439,39,104,0.375,192,422,0.455,0.476,65,88,0.739,74,172,246,161,87,7,103,139,566,13.1,0.501,0.198,0.167,5.0,11.0,8.0,15.3,2.7,0.3,15.4,17.9,0.9,2.3,3.1,0.091,-1.2,1.3,0.1,0.9
226,191,Mark Jackson,PG,83,2588,244,583,0.419,70,207,0.338,174,376,0.463,0.479,73,93,0.785,63,242,305,661,84,7,175,139,631,14.9,0.506,0.355,0.16,2.8,10.9,6.8,39.3,1.7,0.2,21.9,14.2,3.6,2.3,5.9,0.11,1.3,-0.2,1.0,2.0
229,192,Stephen Jackson,SF,77,1660,243,572,0.425,52,155,0.335,191,417,0.458,0.47,97,135,0.719,41,167,208,140,86,14,130,166,635,12.1,0.503,0.271,0.236,2.8,11.9,7.2,15.1,2.7,0.6,17.1,20.8,-0.4,1.3,0.9,0.026,-1.6,0.1,-1.6,0.2
232,195,Antawn Jamison,SF,82,3394,800,1812,0.442,62,205,0.302,738,1607,0.459,0.459,382,534,0.715,280,435,715,164,114,28,199,225,2044,19.0,0.499,0.113,0.295,8.1,14.8,11.2,9.5,1.7,0.6,8.9,27.9,5.4,1.3,6.7,0.094,2.8,-2.0,0.8,2.3
237,198,DerMarr Johnson,SF,78,1313,146,390,0.374,41,127,0.323,105,263,0.399,0.427,64,87,0.736,56,122,178,64,43,30,93,134,397,8.4,0.463,0.326,0.223,4.7,10.4,7.6,7.9,1.7,1.6,17.8,17.7,-0.9,0.9,0.0,0.0,-2.8,-0.8,-3.5,-0.5
238,199,Ervin Johnson,C,82,1981,108,198,0.545,0,0,,108,198,0.545,0.545,50,93,0.538,205,408,613,40,44,97,47,257,266,11.2,0.557,0.0,0.47,11.8,23.2,17.5,2.8,1.2,3.6,16.4,6.5,2.6,2.5,5.1,0.123,-1.3,0.5,-0.8,0.6
239,200,Larry Johnson,PF,65,2105,246,598,0.411,51,163,0.313,195,435,0.448,0.454,102,128,0.797,90,273,363,127,39,29,97,209,645,11.2,0.493,0.273,0.214,5.3,15.2,10.4,10.5,1.0,1.1,12.9,17.4,1.0,3.1,4.1,0.093,-1.0,0.9,-0.1,1.0
240,201,Damon Jones,PG,71,1415,170,416,0.409,84,231,0.364,86,185,0.465,0.51,37,52,0.712,16,108,124,224,36,1,76,58,461,13.0,0.525,0.555,0.125,1.3,8.7,5.0,26.2,1.3,0.0,14.8,16.6,1.4,0.4,1.8,0.062,0.7,-1.1,-0.3,0.6
242,203,Jumaine Jones,SF,65,866,122,275,0.444,20,60,0.333,102,215,0.474,0.48,40,53,0.755,63,126,189,32,30,15,39,68,304,14.2,0.51,0.218,0.193,8.4,16.1,12.3,6.3,1.8,1.3,11.6,17.6,0.9,1.4,2.3,0.125,0.0,0.4,0.4,0.5
247,206,Adam Keefe,PF,67,836,64,159,0.403,1,3,0.333,63,156,0.404,0.406,39,63,0.619,90,119,209,36,28,20,40,102,168,9.7,0.45,0.019,0.396,10.5,16.4,13.3,6.5,1.7,1.7,17.6,11.5,0.1,0.5,0.6,0.032,-3.5,-0.7,-4.3,-0.5
248,207,Shawn Kemp,PF,68,1083,168,413,0.407,4,11,0.364,164,402,0.408,0.412,101,131,0.771,63,196,259,65,45,23,99,184,441,11.4,0.469,0.027,0.317,7.2,20.9,14.3,9.9,2.2,1.6,17.4,24.5,-0.8,1.7,0.9,0.041,-4.8,0.1,-4.8,-0.7
252,211,Jason Kidd*,PG,77,3065,451,1097,0.411,69,232,0.297,382,865,0.442,0.443,328,403,0.814,91,403,494,753,166,23,286,171,1299,19.4,0.51,0.211,0.367,3.3,15.2,9.1,41.2,2.8,0.5,18.3,22.7,4.2,5.4,9.6,0.15,2.4,1.7,4.2,4.8
258,215,Toni Kukoč*,SF,65,1597,275,582,0.473,70,157,0.446,205,425,0.482,0.533,101,160,0.631,66,193,259,199,48,11,111,98,721,17.8,0.553,0.27,0.275,4.7,13.5,9.1,22.7,1.6,0.5,14.5,21.5,2.9,1.7,4.7,0.14,3.0,0.2,3.2,2.1
261,216,Christian Laettner,C-PF,78,1663,277,551,0.503,4,13,0.308,273,538,0.507,0.506,170,204,0.833,118,247,365,124,71,46,137,242,728,17.0,0.568,0.024,0.37,8.1,16.9,12.5,12.7,2.2,2.0,17.6,21.1,2.5,1.8,4.3,0.124,0.0,0.7,0.6,1.1
264,217,Raef LaFrentz,C,78,2457,387,812,0.477,51,139,0.367,336,673,0.499,0.508,183,262,0.698,173,434,607,107,37,206,97,290,1008,17.6,0.544,0.171,0.323,7.6,19.4,13.4,7.3,0.8,5.8,9.5,18.6,4.3,2.5,6.8,0.132,0.1,0.7,0.8,1.8
265,218,Trajan Langdon,SG,65,1116,135,313,0.431,51,124,0.411,84,189,0.444,0.513,68,76,0.895,12,77,89,81,38,9,52,114,389,11.8,0.561,0.396,0.243,1.2,8.0,4.6,11.9,1.8,0.6,13.1,16.1,1.5,0.5,2.0,0.086,-0.9,-0.1,-1.0,0.3
267,220,Voshon Lenard,SG,80,2331,336,846,0.397,147,382,0.385,189,464,0.407,0.484,153,192,0.797,47,184,231,190,65,18,102,170,972,13.2,0.522,0.452,0.227,2.2,8.7,5.4,13.4,1.4,0.5,9.9,19.7,2.9,0.6,3.5,0.072,0.2,-1.1,-0.8,0.7
269,222,Rashard Lewis,PF,78,2720,426,887,0.48,123,285,0.432,303,602,0.503,0.55,176,213,0.826,143,398,541,125,91,45,129,191,1151,17.3,0.587,0.321,0.24,6.1,16.7,11.4,7.6,1.8,1.2,11.6,18.4,5.9,2.1,8.0,0.142,2.4,-0.4,2.1,2.8
272,225,Grant Long,PF,66,1507,140,319,0.439,4,15,0.267,136,304,0.447,0.445,112,157,0.713,76,198,274,83,72,15,62,160,396,11.4,0.51,0.047,0.492,5.8,14.9,10.4,8.7,2.5,0.7,13.8,13.6,1.0,1.4,2.4,0.078,-2.3,1.2,-1.1,0.3
274,227,Felipe López,SG-PG,70,1565,211,478,0.441,19,52,0.365,192,426,0.451,0.461,109,156,0.699,55,179,234,107,62,30,83,156,550,12.5,0.503,0.109,0.326,4.0,13.5,8.7,11.3,2.1,1.4,13.2,18.0,0.9,1.0,1.9,0.057,-1.2,0.2,-1.0,0.4
278,229,George Lynch,SF,82,2649,274,616,0.445,15,57,0.263,259,559,0.463,0.457,123,171,0.719,200,390,590,139,99,30,109,222,686,12.4,0.496,0.093,0.278,8.7,16.3,12.6,8.4,2.0,0.8,13.6,13.7,2.3,4.2,6.5,0.118,-0.8,1.3,0.5,1.7
281,232,Mark Madsen,PF,70,641,55,113,0.487,1,1,1.0,54,112,0.482,0.491,26,37,0.703,74,78,152,24,8,8,27,111,137,9.2,0.53,0.009,0.327,13.2,13.6,13.4,5.4,0.7,0.9,17.3,10.9,0.8,0.3,1.1,0.085,-2.9,-1.6,-4.5,-0.4
282,233,Corey Maggette,SF,69,1359,225,487,0.462,17,56,0.304,208,431,0.483,0.479,223,288,0.774,88,203,291,82,35,9,106,140,690,18.2,0.562,0.115,0.591,7.6,16.6,12.3,10.8,1.4,0.5,14.7,24.5,2.7,1.1,3.9,0.137,1.2,-1.0,0.2,0.7
283,234,Jamaal Magloire,C,74,1095,122,271,0.45,0,2,0.0,122,269,0.454,0.45,95,145,0.655,103,192,295,27,18,78,61,139,339,13.4,0.506,0.007,0.535,10.8,19.9,15.4,4.2,0.9,5.2,15.4,16.7,0.6,2.0,2.6,0.114,-3.0,0.8,-2.2,-0.1
285,236,Karl Malone*,PF,81,2895,670,1345,0.498,2,5,0.4,668,1340,0.499,0.499,536,676,0.793,114,555,669,361,93,62,244,216,1878,24.7,0.572,0.004,0.503,5.0,23.3,14.3,24.1,1.7,1.7,12.9,30.0,9.1,4.0,13.1,0.217,5.5,1.1,6.6,6.3
287,238,Danny Manning,PF,82,1305,247,500,0.494,7,28,0.25,240,472,0.508,0.501,102,140,0.729,66,148,214,92,47,29,96,219,603,14.3,0.537,0.056,0.28,6.4,13.8,10.2,12.6,1.9,1.8,14.6,23.2,1.2,1.4,2.6,0.097,-1.2,0.1,-1.1,0.3
288,239,Stephon Marbury,PG,67,2557,563,1277,0.441,110,335,0.328,453,942,0.481,0.484,362,458,0.79,53,152,205,506,79,5,197,150,1598,22.7,0.54,0.262,0.359,2.3,7.0,4.6,40.8,1.6,0.1,11.8,29.7,7.2,0.7,7.8,0.147,5.9,-1.6,4.3,4.1
289,240,Shawn Marion,SF,79,2857,557,1160,0.48,21,82,0.256,536,1078,0.497,0.489,234,289,0.81,220,628,848,160,132,108,129,211,1369,21.0,0.532,0.071,0.249,8.6,25.4,16.8,10.2,2.4,2.7,9.1,22.1,5.3,6.4,11.7,0.196,2.3,1.8,4.1,4.4
290,241,Donyell Marshall,SF,81,2326,427,849,0.503,41,128,0.32,386,721,0.535,0.527,205,273,0.751,172,394,566,133,85,78,128,196,1100,19.9,0.568,0.151,0.322,9.4,20.6,15.1,10.1,2.0,2.7,11.7,21.7,5.1,3.3,8.5,0.174,3.2,0.6,3.7,3.4
292,243,Kenyon Martin,PF,68,2272,346,777,0.445,1,11,0.091,345,766,0.45,0.446,121,192,0.63,137,365,502,131,78,113,138,281,814,13.4,0.472,0.014,0.247,6.7,19.0,12.7,10.4,1.8,3.7,13.8,19.9,-0.4,2.5,2.1,0.044,-2.1,0.4,-1.7,0.2
293,244,Jamal Mashburn,SF,76,2989,573,1388,0.413,103,289,0.356,470,1099,0.428,0.45,279,364,0.766,92,484,576,411,85,13,211,185,1528,17.5,0.493,0.208,0.262,3.5,18.4,11.0,26.8,1.5,0.3,12.0,27.1,3.1,4.2,7.3,0.118,2.1,0.0,2.1,3.1
294,245,Anthony Mason,PF,80,3254,460,954,0.482,0,0,,460,954,0.482,0.482,370,474,0.781,169,601,770,248,80,25,179,231,1290,17.4,0.555,0.0,0.497,6.2,21.9,14.1,14.2,1.4,0.6,13.3,20.0,6.0,5.6,11.6,0.171,0.8,1.1,1.9,3.2
295,246,Desmond Mason,SF,78,1522,189,439,0.431,18,67,0.269,171,372,0.46,0.451,67,91,0.736,72,177,249,63,39,20,53,146,463,10.5,0.483,0.153,0.207,5.5,13.3,9.4,6.5,1.3,1.0,10.0,15.8,1.0,0.8,1.7,0.055,-1.8,-1.0,-2.8,-0.3
302,251,George McCloud,SF,76,2007,250,655,0.382,77,234,0.329,173,421,0.411,0.44,152,181,0.84,55,169,224,279,53,27,117,165,729,12.9,0.496,0.357,0.276,2.9,9.3,6.1,22.1,1.4,0.9,13.7,18.9,2.0,0.6,2.6,0.062,-0.2,-0.8,-1.0,0.5
303,252,Jelani McCoy,C,70,1143,138,264,0.523,0,0,,138,264,0.523,0.523,41,93,0.441,92,159,251,57,18,49,75,141,317,11.1,0.52,0.0,0.352,9.3,15.9,12.6,7.7,0.8,3.1,19.7,15.0,0.3,0.8,1.1,0.045,-2.7,-0.4,-3.1,-0.3
304,253,Antonio McDyess,PF,70,2555,577,1165,0.495,0,0,,577,1165,0.495,0.495,304,434,0.7,240,605,845,146,43,102,162,220,1458,22.0,0.538,0.0,0.373,10.1,26.1,18.0,10.8,0.9,2.7,10.7,26.5,5.2,2.6,7.8,0.146,2.5,-0.8,1.7,2.4
305,254,Tracy McGrady*,SG,77,3087,788,1724,0.457,59,166,0.355,729,1558,0.468,0.474,430,587,0.733,192,388,580,352,116,118,198,160,2065,24.9,0.521,0.096,0.34,6.7,14.3,10.4,22.8,1.9,2.8,9.1,31.2,8.3,3.9,12.2,0.189,6.5,0.5,7.0,7.0
307,256,Jeff McInnis,PG,81,2831,432,933,0.463,52,144,0.361,380,789,0.482,0.491,130,161,0.807,41,179,220,447,75,7,113,199,1046,15.6,0.521,0.154,0.173,1.7,7.0,4.4,27.7,1.4,0.2,10.1,18.2,5.8,1.1,6.9,0.117,0.6,-0.9,-0.3,1.2
308,257,Derrick McKey,SF,66,987,60,136,0.441,4,20,0.2,56,116,0.483,0.456,21,27,0.778,49,127,176,74,48,13,47,136,145,8.3,0.49,0.147,0.199,5.8,14.1,10.1,11.6,2.6,0.9,24.1,9.2,0.1,1.3,1.4,0.07,-3.5,2.5,-0.9,0.3
309,258,Aaron McKie,SG,76,2394,338,714,0.473,53,170,0.312,285,544,0.524,0.511,149,194,0.768,33,278,311,377,106,8,203,178,878,15.1,0.549,0.238,0.272,1.6,12.9,7.3,26.7,2.3,0.2,20.3,18.9,2.3,3.5,5.9,0.118,0.1,1.3,1.4,2.1
319,264,Darius Miles,SF,81,2133,318,630,0.505,1,19,0.053,317,611,0.519,0.506,124,238,0.521,127,350,477,99,51,125,147,191,761,14.7,0.518,0.03,0.378,7.0,18.3,12.8,8.1,1.3,4.1,16.7,19.1,0.5,2.6,3.0,0.068,-1.3,0.8,-0.5,0.8
320,265,Andre Miller,PG,82,2848,452,999,0.452,17,64,0.266,435,935,0.465,0.461,375,450,0.833,94,266,360,657,119,28,265,229,1296,20.1,0.541,0.064,0.45,3.8,10.8,7.3,40.5,2.2,0.7,18.1,23.2,6.1,1.9,8.0,0.136,3.0,-0.2,2.8,3.4
326,268,Mike Miller,SF,82,2390,368,845,0.436,148,364,0.407,220,481,0.457,0.523,91,128,0.711,66,261,327,140,51,19,97,200,975,13.2,0.541,0.431,0.151,3.0,12.4,7.6,9.7,1.1,0.6,9.7,18.5,3.3,1.9,5.3,0.106,0.7,-0.9,-0.2,1.0
327,269,Reggie Miller*,SG,81,3181,517,1176,0.44,170,464,0.366,347,712,0.487,0.512,323,348,0.928,38,247,285,260,81,15,133,162,1527,17.3,0.574,0.395,0.296,1.4,8.5,5.1,15.0,1.4,0.3,9.1,21.5,8.1,2.2,10.3,0.155,2.8,-0.6,2.3,3.4
330,272,Sam Mitchell,SF,82,983,118,289,0.408,9,43,0.209,109,246,0.443,0.424,40,55,0.727,28,95,123,57,26,10,36,117,285,8.2,0.455,0.149,0.19,3.2,11.2,7.1,8.6,1.4,0.7,10.3,16.1,0.0,0.6,0.6,0.03,-3.7,-0.9,-4.6,-0.6
331,273,Cuttino Mobley,SG,79,3002,527,1214,0.434,90,252,0.357,437,962,0.454,0.471,394,474,0.831,83,314,397,195,84,26,165,169,1538,17.7,0.541,0.208,0.39,3.3,11.8,7.7,11.5,1.5,0.6,10.4,24.3,6.2,2.0,8.2,0.13,1.7,-0.8,0.9,2.2
339,277,Mikki Moore,C,81,1154,132,268,0.493,0,1,0.0,132,267,0.494,0.493,95,130,0.731,121,195,316,33,24,61,74,202,359,12.9,0.552,0.004,0.485,11.0,18.4,14.7,4.6,1.1,3.7,18.5,15.0,1.1,1.6,2.8,0.116,-3.4,0.8,-2.6,-0.2
340,278,Hanno Möttölä,SF,73,989,123,277,0.444,0,3,0.0,123,274,0.449,0.444,73,90,0.811,49,125,174,25,11,9,67,163,319,7.5,0.504,0.011,0.325,5.5,14.2,9.8,4.2,0.6,0.6,17.5,17.3,-0.1,0.5,0.4,0.018,-5.1,-1.5,-6.6,-1.1
343,281,Lamond Murray,SF,78,2225,391,925,0.423,61,165,0.37,330,760,0.434,0.456,155,211,0.735,104,236,340,124,83,27,141,173,998,13.9,0.49,0.178,0.228,5.4,12.3,8.9,10.1,2.0,0.9,12.2,23.5,0.8,1.5,2.3,0.05,-0.1,-1.0,-1.1,0.5
347,283,Dikembe Mutombo*,C,75,2591,269,556,0.484,0,0,,269,556,0.484,0.484,211,291,0.725,307,708,1015,76,29,203,144,204,749,17.5,0.547,0.0,0.523,13.3,30.5,21.9,4.7,0.6,5.6,17.4,14.3,3.4,4.7,8.1,0.151,0.4,1.3,1.7,2.4
353,287,Steve Nash*,PG,70,2387,386,792,0.487,89,219,0.406,297,573,0.518,0.544,231,258,0.895,46,177,223,509,72,5,205,158,1092,19.6,0.603,0.277,0.326,2.2,8.1,5.2,34.6,1.6,0.1,18.5,21.1,6.8,1.6,8.4,0.169,3.8,-1.1,2.8,2.9
357,289,Rasho Nesterović,C,73,1233,147,319,0.461,0,1,0.0,147,318,0.462,0.461,34,65,0.523,99,187,286,45,25,63,55,189,328,10.4,0.472,0.003,0.204,9.1,17.5,13.2,5.4,1.1,3.6,13.7,14.8,0.2,1.3,1.5,0.06,-3.5,0.0,-3.5,-0.5
359,291,Johnny Newman,SG,82,2049,291,695,0.419,59,176,0.335,232,519,0.447,0.461,254,297,0.855,34,142,176,115,63,10,106,229,895,13.0,0.542,0.253,0.427,1.9,8.2,4.9,10.0,1.6,0.4,11.4,20.6,2.7,0.7,3.4,0.081,-1.0,-1.1,-2.1,0.0
360,292,Moochie Norris,PG,82,1654,184,413,0.446,25,89,0.281,159,324,0.491,0.476,151,194,0.778,44,154,198,283,69,2,107,84,544,16.2,0.546,0.215,0.47,3.2,10.5,6.9,27.1,2.2,0.1,17.7,16.8,3.1,1.2,4.4,0.126,0.9,0.1,1.0,1.2
361,293,Dirk Nowitzki*,PF,82,3125,591,1247,0.474,151,390,0.387,440,857,0.513,0.534,451,538,0.838,119,635,754,173,79,101,156,245,1784,22.8,0.601,0.313,0.431,4.4,22.1,13.5,9.4,1.3,2.3,9.5,23.8,10.3,4.3,14.6,0.224,4.9,0.5,5.4,5.9
362,294,Jermaine O'Neal,C,81,2641,404,868,0.465,0,5,0.0,404,863,0.468,0.465,233,388,0.601,249,545,794,98,49,228,161,280,1041,17.5,0.501,0.006,0.447,11.0,22.7,17.0,6.7,1.0,6.2,13.4,21.2,1.7,4.7,6.4,0.116,-0.8,1.0,0.3,1.5
363,295,Shaquille O'Neal*,C,74,2924,813,1422,0.572,0,2,0.0,813,1420,0.573,0.572,499,972,0.513,291,649,940,277,47,204,218,256,2125,30.2,0.574,0.001,0.684,11.3,24.8,18.1,18.8,0.8,4.9,10.5,31.6,11.1,3.9,14.9,0.245,7.0,0.7,7.7,7.1
364,296,Charles Oakley,PF,78,2767,305,786,0.388,11,49,0.224,294,737,0.399,0.395,127,152,0.836,142,599,741,264,76,48,139,258,748,11.6,0.439,0.062,0.193,5.6,25.0,15.1,14.6,1.4,1.2,14.0,16.0,0.2,3.5,3.7,0.065,-2.2,0.8,-1.4,0.4
365,297,Lamar Odom,PF,76,2836,481,1046,0.46,80,253,0.316,401,793,0.506,0.498,262,386,0.679,110,482,592,392,74,122,264,236,1304,18.9,0.536,0.242,0.369,4.6,18.9,11.9,25.0,1.4,3.0,17.8,24.1,3.2,3.3,6.5,0.111,2.9,1.1,4.0,4.3
367,299,Kevin Ollie,PG,70,925,76,192,0.396,1,3,0.333,75,189,0.397,0.398,63,89,0.708,16,79,95,146,30,1,49,84,216,10.3,0.467,0.016,0.464,2.0,9.6,5.8,24.5,1.7,0.1,17.5,13.7,0.5,0.9,1.4,0.075,-2.8,0.6,-2.2,0.0
370,300,Michael Olowokandi,C,82,2127,308,708,0.435,0,0,,308,708,0.435,0.435,85,156,0.545,168,357,525,46,30,108,169,250,701,10.0,0.451,0.0,0.22,9.3,18.7,14.1,3.7,0.8,3.6,17.9,20.5,-2.6,2.2,-0.4,-0.008,-4.7,-0.8,-5.5,-1.9
371,301,Greg Ostertag,C,81,1491,139,281,0.495,1,2,0.5,138,279,0.495,0.496,84,151,0.556,164,251,415,22,22,142,63,215,363,13.3,0.522,0.007,0.537,13.9,20.4,17.3,2.3,0.8,7.7,15.3,12.7,1.5,2.3,3.8,0.121,-1.8,1.0,-0.8,0.4
372,302,Bo Outlaw,PF,80,2534,226,368,0.614,1,2,0.5,225,366,0.615,0.615,129,225,0.573,211,408,619,225,105,137,141,241,582,15.7,0.623,0.005,0.611,9.0,18.3,13.6,13.3,2.1,4.0,23.2,10.6,3.9,4.0,7.9,0.15,0.4,2.6,3.1,3.2
379,306,Robert Pack,PG,74,1260,181,426,0.425,12,31,0.387,169,395,0.428,0.439,105,137,0.766,30,107,137,293,65,1,135,114,479,14.8,0.493,0.073,0.322,2.6,9.3,5.9,38.2,2.7,0.1,21.7,22.0,0.4,0.7,1.1,0.043,-0.8,-0.8,-1.6,0.1
383,310,Cherokee Parks,C,65,1054,134,274,0.489,0,6,0.0,134,268,0.5,0.489,31,44,0.705,71,158,229,46,25,36,41,122,299,12.6,0.51,0.022,0.161,7.9,16.9,12.5,7.3,1.3,2.4,12.3,14.6,0.9,1.0,1.9,0.086,-1.7,0.3,-1.4,0.2
386,311,Ruben Patterson,SF,76,2059,370,749,0.494,2,36,0.056,368,713,0.516,0.495,246,361,0.681,183,199,382,161,103,45,155,176,988,19.3,0.544,0.048,0.482,10.3,11.0,10.7,13.4,2.6,1.6,14.6,23.3,3.8,1.7,5.5,0.128,2.0,-0.1,1.9,2.1
387,312,Gary Payton*,PG,79,3244,725,1591,0.456,102,272,0.375,623,1319,0.472,0.488,271,354,0.766,73,288,361,642,127,26,209,184,1823,22.1,0.522,0.171,0.223,2.6,10.1,6.4,36.6,2.1,0.6,10.7,27.2,9.1,1.7,10.8,0.16,4.7,-0.7,4.0,4.9
388,313,Anthony Peeler,SG,75,2126,308,732,0.421,100,256,0.391,208,476,0.437,0.489,75,87,0.862,44,148,192,192,91,18,105,166,791,12.6,0.513,0.35,0.119,2.3,8.0,5.2,13.9,2.2,0.6,12.0,18.6,1.6,1.5,3.2,0.071,-0.4,-0.3,-0.6,0.7
396,319,Morris Peterson,SG,80,1809,290,673,0.431,63,165,0.382,227,508,0.447,0.478,104,145,0.717,112,147,259,105,63,20,78,164,747,14.1,0.507,0.245,0.215,6.8,9.4,8.1,9.6,1.8,0.8,9.6,20.1,2.3,1.3,3.6,0.096,0.1,-0.8,-0.7,0.5
397,320,Eric Piatkowski,SG,81,2144,291,672,0.433,120,297,0.404,171,375,0.456,0.522,158,181,0.873,54,187,241,96,46,19,76,123,860,14.6,0.572,0.442,0.269,3.0,9.7,6.4,7.6,1.1,0.6,9.2,17.8,4.5,1.0,5.5,0.123,1.5,-0.8,0.7,1.4
398,321,Paul Pierce*,SF,82,3120,687,1513,0.454,147,384,0.383,540,1129,0.478,0.503,550,738,0.745,94,428,522,253,138,69,262,251,2071,22.3,0.563,0.254,0.488,3.4,16.7,9.8,16.9,2.3,1.7,12.5,30.6,6.9,3.5,10.4,0.16,4.5,-0.1,4.4,5.0
400,323,Scot Pollard,C,77,1658,185,395,0.468,0,2,0.0,185,393,0.471,0.468,128,171,0.749,173,292,465,47,48,97,66,206,498,15.0,0.53,0.005,0.433,11.5,18.5,15.1,4.2,1.5,3.9,12.3,14.3,2.5,2.9,5.4,0.157,-1.2,0.9,-0.3,0.7
401,324,Olden Polynice,C,81,1619,206,415,0.496,0,1,0.0,206,414,0.498,0.496,17,65,0.262,157,221,378,31,27,77,78,241,429,9.9,0.484,0.002,0.157,12.3,16.6,14.5,3.1,0.9,3.9,15.0,14.8,0.2,1.8,2.0,0.058,-3.1,-0.7,-3.9,-0.8
404,327,Terry Porter,PG,80,1678,197,440,0.448,87,205,0.424,110,235,0.468,0.547,92,116,0.793,24,177,201,251,52,11,104,88,573,15.5,0.583,0.466,0.264,1.7,11.4,6.8,24.5,1.7,0.5,17.5,16.7,3.0,2.3,5.4,0.154,1.6,1.0,2.6,2.0
405,328,James Posey,SF,82,2255,243,590,0.412,65,217,0.3,178,373,0.477,0.467,115,141,0.816,125,306,431,163,93,40,102,226,666,12.5,0.511,0.368,0.239,5.9,14.9,10.4,11.2,2.1,1.2,13.5,14.9,2.1,1.7,3.8,0.08,-1.0,0.6,-0.4,0.9
407,330,Vitaly Potapenko,C,82,1901,248,521,0.476,0,0,,248,521,0.476,0.476,115,158,0.728,206,289,495,64,52,23,105,228,611,12.8,0.517,0.0,0.303,12.1,18.5,15.2,5.9,1.4,0.9,15.1,16.6,1.8,1.7,3.4,0.087,-2.0,-1.6,-3.6,-0.8
414,337,Bryant Reeves,C,75,1832,254,552,0.46,1,4,0.25,253,548,0.462,0.461,113,142,0.796,132,320,452,80,43,54,90,243,622,12.8,0.506,0.007,0.257,8.3,19.8,14.1,7.4,1.2,2.0,12.8,17.6,1.2,1.7,2.9,0.075,-2.6,-0.2,-2.8,-0.4
415,338,Don Reid,PF,65,764,82,145,0.566,0,0,,82,145,0.566,0.566,46,75,0.613,84,158,242,21,23,54,48,190,210,13.1,0.59,0.0,0.517,11.9,23.5,17.6,4.2,1.6,5.2,21.2,13.1,0.8,1.4,2.3,0.141,-4.3,1.6,-2.8,-0.2
417,340,Glen Rice,SF,75,2212,331,752,0.44,82,211,0.389,249,541,0.46,0.495,155,182,0.852,61,246,307,89,41,13,96,179,899,13.7,0.54,0.281,0.242,3.4,13.0,8.4,7.4,1.0,0.5,10.3,20.5,2.7,2.9,5.7,0.123,0.5,0.1,0.5,1.4
418,341,Quentin Richardson,SG,76,1358,232,525,0.442,50,151,0.331,182,374,0.487,0.49,99,158,0.627,105,152,257,62,42,7,64,98,613,16.5,0.516,0.288,0.301,9.1,12.5,10.8,8.3,1.7,0.4,9.7,22.4,2.1,1.0,3.0,0.106,2.0,-1.1,0.8,0.9
420,343,Isaiah Rider,SG,67,1206,201,472,0.426,34,92,0.37,167,380,0.439,0.462,71,83,0.855,44,112,156,111,27,7,98,105,507,11.8,0.499,0.195,0.176,4.2,10.4,7.3,15.0,1.2,0.4,16.2,22.5,0.3,0.5,0.8,0.033,-1.4,-2.0,-3.4,-0.4
422,345,Clifford Robinson,PF,82,2751,501,1186,0.422,90,249,0.361,411,937,0.439,0.46,253,357,0.709,105,229,334,237,87,82,186,258,1345,14.8,0.501,0.21,0.301,4.2,9.6,6.9,15.4,1.6,2.2,12.2,24.8,1.6,3.9,5.4,0.095,0.5,0.4,0.9,2.0
423,346,David Robinson*,C,80,2371,400,823,0.486,0,1,0.0,400,822,0.487,0.486,351,470,0.747,208,483,691,116,80,197,122,212,1151,23.7,0.559,0.001,0.571,10.4,22.0,16.5,8.8,1.8,5.8,10.6,22.8,6.4,5.7,12.1,0.246,2.5,2.7,5.2,4.3
424,347,Eddie Robinson,SF,67,1201,216,407,0.531,2,4,0.5,214,403,0.531,0.533,64,88,0.727,60,138,198,59,50,32,43,66,498,17.9,0.559,0.01,0.216,5.7,13.1,9.4,9.4,2.2,2.0,8.8,18.8,2.1,1.8,4.0,0.159,1.4,1.2,2.6,1.4
425,348,Glenn Robinson,SF,76,2813,684,1460,0.468,55,184,0.299,629,1276,0.493,0.487,251,306,0.82,124,402,526,252,86,62,219,191,1674,20.1,0.525,0.126,0.21,5.0,16.1,10.6,16.5,1.6,1.6,12.1,29.2,4.2,2.5,6.7,0.114,2.3,-1.0,1.3,2.4
432,353,Rodney Rogers,SF,82,2183,377,876,0.43,56,189,0.296,321,687,0.467,0.462,188,247,0.761,94,265,359,180,97,47,157,269,998,14.6,0.507,0.216,0.282,4.8,14.0,9.3,14.5,2.3,1.6,13.8,23.3,1.0,3.7,4.7,0.104,-0.7,1.3,0.6,1.4
433,354,Sean Rooks,C,82,1553,169,395,0.428,1,2,0.5,168,393,0.427,0.429,107,143,0.748,91,212,303,77,34,64,73,197,446,11.5,0.487,0.005,0.362,6.9,15.2,11.2,8.1,1.2,2.9,13.7,15.8,0.8,1.5,2.3,0.07,-2.3,0.7,-1.7,0.1
434,355,Jalen Rose,SF,72,2943,567,1242,0.457,59,174,0.339,508,1068,0.476,0.48,285,344,0.828,37,322,359,435,65,43,211,230,1478,17.8,0.53,0.14,0.277,1.5,12.0,6.9,28.7,1.2,1.0,13.2,25.5,4.8,2.5,7.3,0.119,2.1,-0.4,1.8,2.7
437,358,Bryon Russell,SF,78,2473,308,700,0.44,95,230,0.413,213,470,0.453,0.508,222,285,0.779,94,236,330,160,96,20,113,229,933,14.1,0.565,0.329,0.407,4.8,11.6,8.3,10.4,2.1,0.7,12.0,17.5,4.5,2.3,6.8,0.133,1.1,0.2,1.3,2.0
446,365,Brian Shaw,SG,80,1833,164,411,0.399,42,135,0.311,122,276,0.442,0.45,51,64,0.797,48,256,304,258,49,27,97,159,421,10.9,0.479,0.328,0.156,3.0,15.6,9.4,20.4,1.4,1.0,18.1,13.1,1.2,1.4,2.5,0.067,-1.1,0.2,-0.9,0.5
450,369,Joe Smith,PF,69,1941,308,765,0.403,0,5,0.0,308,760,0.405,0.403,231,287,0.805,160,331,491,79,47,50,88,258,847,14.6,0.475,0.007,0.375,8.7,18.6,13.5,7.1,1.2,1.8,9.0,21.9,1.9,2.5,4.4,0.11,-1.6,-0.2,-1.9,0.1
451,370,Michael Smith,PF,79,1610,106,218,0.486,0,1,0.0,106,217,0.488,0.486,89,154,0.578,172,390,562,101,57,37,62,156,301,14.0,0.527,0.005,0.706,12.3,28.9,20.4,9.6,1.8,1.6,17.8,9.6,2.0,1.6,3.6,0.108,0.0,0.2,0.2,0.9
453,372,Steve Smith,SG,81,2542,359,788,0.456,78,230,0.339,281,558,0.504,0.505,309,347,0.89,87,185,272,213,48,24,137,203,1105,15.9,0.587,0.292,0.44,4.2,8.4,6.4,13.6,1.0,0.7,12.7,19.7,6.6,1.6,8.2,0.155,1.5,-0.9,0.6,1.7
457,376,Latrell Sprewell,SF,77,3017,524,1219,0.43,41,135,0.304,483,1084,0.446,0.447,275,351,0.783,49,298,347,269,106,28,218,159,1364,15.1,0.497,0.111,0.288,2.0,11.6,7.0,17.2,1.9,0.8,13.7,25.8,0.5,4.6,5.1,0.082,0.0,0.8,0.7,2.1
458,377,Jerry Stackhouse,SG,80,3215,774,1927,0.402,166,473,0.351,608,1454,0.418,0.445,666,810,0.822,99,216,315,410,97,54,326,160,2380,21.8,0.521,0.245,0.42,3.2,7.3,5.2,25.8,1.5,1.2,12.5,35.2,6.6,2.6,9.2,0.137,5.8,-0.7,5.1,5.8
459,378,John Starks,SG,75,2122,273,686,0.398,64,182,0.352,209,504,0.415,0.445,89,111,0.802,29,125,154,178,73,10,94,217,699,9.3,0.476,0.265,0.162,1.7,7.2,4.5,13.5,1.8,0.4,11.3,18.0,0.6,1.5,2.1,0.048,-2.2,-0.4,-2.5,-0.3
463,382,Bryant Stith,SG,78,2504,245,611,0.401,91,242,0.376,154,369,0.417,0.475,175,207,0.845,65,219,284,168,93,14,90,182,756,11.7,0.538,0.396,0.339,2.9,10.7,6.6,11.2,1.9,0.4,11.4,14.4,3.1,1.7,4.8,0.093,-0.9,-0.2,-1.1,0.6
464,383,John Stockton*,PG,82,2397,328,651,0.504,61,132,0.462,267,519,0.514,0.551,227,278,0.817,54,173,227,713,132,21,203,194,944,22.3,0.61,0.203,0.427,2.9,8.8,5.9,48.7,2.9,0.7,20.8,18.8,8.2,2.6,10.8,0.216,5.5,1.2,6.7,5.3
465,384,Peja Stojaković,SF,75,2905,559,1189,0.47,144,360,0.4,415,829,0.501,0.531,267,312,0.856,93,341,434,164,91,13,146,144,1529,18.4,0.576,0.303,0.262,3.5,12.3,8.0,9.6,1.6,0.3,9.9,22.4,6.8,3.3,10.1,0.168,2.8,-0.3,2.5,3.2
466,385,Damon Stoudamire,PG,82,2655,406,935,0.434,82,219,0.374,324,716,0.453,0.478,172,207,0.831,69,234,303,468,106,8,191,202,1066,16.3,0.519,0.234,0.221,3.2,10.2,6.8,29.1,2.1,0.2,15.7,21.3,4.1,2.5,6.7,0.121,1.1,-0.1,1.0,2.0
479,392,Stromile Swift,PF,80,1312,153,339,0.451,0,4,0.0,153,335,0.457,0.451,85,141,0.603,109,175,284,28,62,82,64,160,391,13.1,0.487,0.012,0.416,9.6,15.1,12.4,3.5,2.5,4.3,13.8,16.2,0.2,1.6,1.9,0.069,-2.9,0.9,-2.0,0.0
480,393,Wally Szczerbiak,SF,82,2856,469,920,0.51,26,77,0.338,443,843,0.526,0.524,181,208,0.87,133,314,447,260,59,33,138,226,1145,15.8,0.566,0.084,0.226,5.3,12.7,8.9,14.5,1.1,0.8,12.0,18.2,5.7,1.7,7.4,0.125,1.2,-0.8,0.4,1.7
483,396,Maurice Taylor,SF,69,1972,390,797,0.489,0,4,0.0,390,793,0.492,0.489,119,162,0.735,109,269,378,104,28,38,125,208,899,14.9,0.518,0.005,0.203,6.6,15.4,11.1,9.7,0.8,1.3,12.6,23.2,1.8,1.4,3.2,0.077,-0.9,-1.0,-1.9,0.0
484,397,Jason Terry,SG,82,3089,596,1367,0.436,124,314,0.395,472,1053,0.448,0.481,303,358,0.846,42,227,269,403,104,12,239,204,1619,17.3,0.531,0.23,0.262,1.5,8.2,4.9,24.3,1.8,0.3,13.6,25.5,4.9,1.6,6.5,0.1,2.3,-1.0,1.3,2.6
486,399,Kenny Thomas,PF,74,1820,206,465,0.443,25,92,0.272,181,373,0.485,0.47,91,126,0.722,122,295,417,77,40,43,116,178,528,11.2,0.507,0.198,0.271,8.0,18.3,13.3,6.7,1.2,1.6,18.2,16.1,0.5,1.7,2.2,0.058,-2.0,-0.3,-2.3,-0.1
487,400,Kurt Thomas,PF,77,2125,314,614,0.511,1,3,0.333,313,611,0.512,0.512,171,210,0.814,172,343,515,63,61,69,99,287,800,16.9,0.566,0.005,0.342,10.1,18.9,14.6,5.4,1.6,2.6,12.3,18.5,4.1,4.1,8.2,0.185,-0.3,1.4,1.2,1.7
488,401,Tim Thomas,PF,76,2086,326,758,0.43,107,260,0.412,219,498,0.44,0.501,195,253,0.771,79,234,313,138,78,45,114,194,954,16.4,0.549,0.343,0.334,4.3,12.6,8.5,10.5,1.9,1.6,11.6,21.3,3.7,1.7,5.5,0.126,1.8,-0.3,1.5,1.8
490,403,Robert Traylor,C,70,1212,161,324,0.497,0,2,0.0,161,322,0.5,0.497,80,141,0.567,124,176,300,63,49,76,98,204,402,14.1,0.521,0.006,0.435,11.9,16.8,14.3,8.7,2.1,4.6,20.2,18.0,0.3,1.5,1.9,0.074,-2.6,1.1,-1.6,0.1
493,406,Hedo Türkoğlu,SF,74,1245,138,335,0.412,28,86,0.326,110,249,0.442,0.454,87,112,0.777,49,161,210,69,52,24,55,139,391,11.7,0.509,0.257,0.334,4.4,13.6,9.1,8.3,2.1,1.3,12.5,15.6,1.0,1.8,2.8,0.106,-2.0,1.1,-0.9,0.4
494,407,Nick Van Exel,PG,71,2688,460,1112,0.414,135,358,0.377,325,754,0.431,0.474,204,249,0.819,44,197,241,600,61,18,165,109,1259,18.5,0.515,0.322,0.224,1.8,8.1,4.9,38.4,1.2,0.5,11.9,23.0,6.1,0.3,6.4,0.114,4.0,-2.0,1.9,2.7
497,410,Jacque Vaughn,PG,82,1620,170,393,0.433,30,78,0.385,140,315,0.444,0.471,128,164,0.78,18,132,150,323,48,3,129,145,498,12.8,0.535,0.198,0.417,1.4,9.9,5.7,31.0,1.6,0.2,21.7,16.9,1.8,1.1,3.0,0.088,-0.2,-0.7,-1.0,0.4
502,413,Antoine Walker,PF,81,3396,711,1720,0.413,221,603,0.367,490,1117,0.439,0.478,249,348,0.716,151,568,719,445,138,49,301,251,1892,18.9,0.505,0.351,0.202,5.0,20.4,12.3,26.8,2.1,1.1,13.8,29.1,2.7,3.8,6.6,0.093,3.5,-0.5,3.0,4.3
504,415,Ben Wallace*,C,80,2760,215,439,0.49,1,4,0.25,214,435,0.492,0.491,80,238,0.336,303,749,1052,123,107,186,117,192,511,14.8,0.47,0.009,0.542,11.5,29.6,20.4,6.8,2.0,4.8,17.7,10.4,1.0,6.0,7.0,0.121,-0.6,2.5,1.9,2.7
506,417,Rasheed Wallace,PF,77,2940,590,1178,0.501,52,162,0.321,538,1016,0.53,0.523,245,320,0.766,147,455,602,212,90,135,158,206,1477,20.9,0.56,0.138,0.272,6.2,17.9,12.2,12.9,1.6,3.4,10.7,23.4,6.8,4.2,11.0,0.18,3.3,1.1,4.4,4.8
508,419,Clarence Weatherspoon,PF,82,2774,347,692,0.501,0,0,,347,692,0.501,0.501,230,291,0.79,223,573,796,103,85,105,112,171,924,17.4,0.563,0.0,0.421,9.3,23.9,16.6,6.2,1.6,2.8,12.0,15.2,5.2,3.4,8.6,0.148,1.3,0.2,1.4,2.4
509,420,Chris Webber*,PF,70,2836,786,1635,0.481,2,28,0.071,784,1607,0.488,0.481,324,461,0.703,179,598,777,294,93,118,195,226,1898,24.7,0.516,0.017,0.282,7.0,22.1,14.8,20.6,1.7,2.8,9.6,31.6,5.8,5.2,11.0,0.186,4.0,1.4,5.5,5.3
510,421,Bonzi Wells,SF,75,1995,387,726,0.533,17,50,0.34,370,676,0.547,0.545,159,240,0.663,120,247,367,208,94,20,169,203,950,18.8,0.571,0.069,0.331,7.4,14.3,11.0,18.4,2.5,0.7,16.9,23.3,3.4,2.6,5.9,0.143,1.5,0.7,2.3,2.1
511,422,David Wesley,SG,82,3106,523,1239,0.422,97,258,0.376,426,981,0.434,0.461,271,339,0.799,64,160,224,361,128,16,171,220,1414,15.3,0.509,0.208,0.274,2.4,5.9,4.1,21.7,2.2,0.4,11.0,23.1,4.2,3.4,7.6,0.117,0.4,0.0,0.4,1.9
513,424,Jahidi White,C,68,1609,203,408,0.498,0,1,0.0,203,407,0.499,0.498,177,312,0.567,178,343,521,20,32,111,136,211,583,14.7,0.535,0.002,0.765,12.7,25.4,18.9,2.1,1.0,4.9,20.0,18.9,0.5,1.6,2.1,0.061,-2.4,-0.9,-3.3,-0.5
515,426,Aaron Williams,PF,82,2336,297,650,0.457,0,2,0.0,297,648,0.458,0.457,244,310,0.787,211,379,590,88,59,113,132,319,838,15.1,0.533,0.003,0.477,10.1,19.2,14.5,6.5,1.3,3.6,14.4,17.8,2.9,2.3,5.2,0.107,-1.3,-0.3,-1.6,0.2
516,427,Alvin Williams,SG,82,2394,330,767,0.43,33,108,0.306,297,659,0.451,0.452,109,145,0.752,50,162,212,407,123,26,103,171,802,15.2,0.483,0.141,0.189,2.3,7.8,5.0,27.2,2.7,0.8,11.0,17.4,3.3,2.1,5.4,0.109,-0.1,0.9,0.8,1.7
517,428,Eric Williams,SF,81,1745,162,448,0.362,46,139,0.331,116,309,0.375,0.413,165,231,0.714,64,143,207,112,64,13,76,179,535,10.0,0.487,0.31,0.516,4.1,10.0,6.9,10.6,1.9,0.6,12.1,16.3,1.0,1.2,2.2,0.06,-2.3,-0.6,-2.9,-0.4
518,429,Jason Williams,PG,77,2290,281,690,0.407,98,311,0.315,183,379,0.483,0.478,60,76,0.789,19,166,185,416,94,9,160,114,720,12.8,0.498,0.451,0.11,0.9,7.6,4.4,27.6,2.1,0.3,18.1,17.0,1.3,2.4,3.8,0.079,-0.4,-0.2,-0.6,0.8
522,431,Monty Williams,SF,82,1211,162,364,0.445,1,13,0.077,161,351,0.459,0.446,85,133,0.639,86,157,243,79,29,16,85,136,410,11.0,0.485,0.036,0.365,7.7,14.7,11.1,10.5,1.2,1.0,16.7,18.5,0.1,1.2,1.3,0.051,-2.8,-0.9,-3.6,-0.5
523,432,Scott Williams,C,66,1272,171,361,0.474,1,4,0.25,170,357,0.476,0.475,60,70,0.857,97,267,364,35,48,32,41,178,403,14.2,0.514,0.011,0.194,8.7,23.6,16.2,4.2,2.0,1.8,9.5,15.4,1.7,1.7,3.4,0.128,-1.7,-0.2,-1.9,0.0
524,433,Shammond Williams,PG,69,1238,161,368,0.438,61,133,0.459,100,235,0.426,0.52,84,96,0.875,34,98,132,190,31,4,82,83,467,15.4,0.569,0.361,0.261,3.2,9.0,6.1,24.2,1.3,0.2,16.7,17.9,2.6,0.3,2.9,0.112,2.0,-1.2,0.8,0.9
525,434,Walt Williams,SF,72,1583,202,513,0.394,98,248,0.395,104,265,0.392,0.489,97,126,0.77,31,214,245,97,30,28,73,153,599,12.6,0.527,0.483,0.246,2.3,15.3,9.0,10.0,1.0,1.2,11.4,18.7,1.8,1.2,3.0,0.09,0.4,-0.4,-0.1,0.8
526,435,Corliss Williamson,SF,69,1686,325,647,0.502,0,2,0.0,325,645,0.504,0.502,151,237,0.637,110,211,321,61,50,21,110,185,801,15.1,0.533,0.003,0.366,7.0,14.0,10.4,6.5,1.5,0.9,12.8,22.5,1.6,1.6,3.2,0.092,-0.9,-0.3,-1.1,0.4
529,436,Kevin Willis,C,78,1830,304,690,0.441,1,6,0.167,303,684,0.443,0.441,113,147,0.769,177,355,532,50,57,52,87,216,722,14.6,0.478,0.009,0.213,10.5,21.8,16.0,4.6,1.6,2.0,10.3,20.5,1.1,2.0,3.1,0.081,-1.8,-1.0,-2.8,-0.4
534,439,Metta World Peace,SF,76,2363,327,815,0.401,43,148,0.291,284,667,0.426,0.428,210,280,0.75,59,235,294,228,152,45,159,254,907,13.6,0.483,0.182,0.344,2.9,12.3,7.4,17.6,3.5,1.4,14.5,21.6,-0.1,2.0,1.9,0.039,-1.9,0.5,-1.3,0.4
535,440,Lorenzen Wright,C,71,1988,363,811,0.448,0,2,0.0,363,809,0.449,0.448,155,216,0.718,180,355,535,87,42,63,125,232,881,15.7,0.486,0.002,0.266,10.0,20.0,15.0,8.0,1.1,2.3,12.1,23.2,1.1,2.0,3.2,0.077,-1.0,-0.8,-1.8,0.1
