,Rk,Player,Pos,G,MP,FG,FGA,FG%,3P,3PA,3P%,2P,2PA,2P%,eFG%,FT,FTA,FT%,ORB,DRB,TRB,AST,STL,BLK,TOV,PF,PTS,PER,TS%,3PAr,FTr,ORB%,DRB%,TRB%,AST%,STL%,BLK%,TOV%,USG%,OWS,DWS,WS,WS/48,OBPM,DBPM,BPM,VORP
0,1,Shareef Abdur-Rahim,C,80,2015,310,654,0.474,3,20,0.15,307,634,0.484,0.476,170,234,0.726,122,276,398,109,53,40,116,243,793,13.1,0.524,0.031,0.358,7.0,16.4,11.6,9.2,1.3,1.5,13.3,19.5,1.1,1.7,2.8,0.067,-2.0,-0.5,-2.5,-0.2
7,8,Rafer Alston,PG,82,3040,383,1020,0.375,192,529,0.363,191,491,0.389,0.47,130,177,0.734,29,253,282,444,129,10,170,195,1088,12.9,0.496,0.519,0.174,1.1,9.5,5.3,24.1,2.2,0.3,13.4,19.4,1.7,4.9,6.6,0.104,-0.7,1.3,0.6,2.0
13,12,Carmelo Anthony,SF,65,2486,691,1453,0.476,40,149,0.268,651,1304,0.499,0.489,459,568,0.808,143,248,391,249,77,23,234,203,1881,22.1,0.552,0.103,0.391,6.6,11.1,8.9,19.2,1.5,0.7,12.1,33.4,5.2,2.1,7.3,0.14,3.2,-1.3,1.9,2.5
15,14,Gilbert Arenas,PG,74,2942,647,1548,0.418,205,584,0.351,442,964,0.459,0.484,606,718,0.844,61,277,338,443,139,13,236,249,2105,24.0,0.565,0.377,0.464,2.3,11.1,6.6,27.2,2.4,0.3,11.2,31.4,9.3,1.5,10.8,0.177,5.5,-0.8,4.7,5.0
17,16,Darrell Armstrong,PG,81,1275,156,377,0.414,72,214,0.336,84,163,0.515,0.509,73,93,0.785,34,101,135,191,70,6,76,102,457,15.1,0.547,0.568,0.247,3.0,9.3,6.1,24.8,2.9,0.4,15.4,17.4,1.7,1.5,3.2,0.121,0.6,1.2,1.8,1.2
19,18,Carlos Arroyo,PG,72,1304,203,478,0.425,14,51,0.275,189,427,0.443,0.439,132,166,0.795,31,103,134,202,39,2,90,131,552,14.4,0.501,0.107,0.347,3.0,9.5,6.3,27.1,1.6,0.1,14.0,22.8,1.2,1.3,2.5,0.094,-0.4,-0.4,-0.8,0.4
20,19,Chucky Atkins,PG,75,2064,310,715,0.434,116,306,0.379,194,409,0.474,0.515,252,311,0.81,18,121,139,346,50,4,127,136,988,17.4,0.58,0.428,0.435,1.0,7.0,4.0,27.9,1.2,0.1,13.0,21.4,5.1,-0.2,4.9,0.114,2.9,-2.5,0.4,1.2
23,22,Renaldo Balkman,SF,68,1064,139,275,0.505,5,27,0.185,134,248,0.54,0.515,51,90,0.567,97,197,294,44,57,44,49,146,334,16.1,0.531,0.098,0.327,11.0,21.8,16.4,7.0,2.8,3.3,13.5,15.5,1.1,1.7,2.8,0.125,-0.7,2.0,1.3,0.9
25,24,Leandro Barbosa,SG,80,2613,529,1111,0.476,190,438,0.434,339,673,0.504,0.562,196,232,0.845,22,192,214,317,96,15,146,210,1444,18.4,0.595,0.394,0.209,1.0,8.1,4.8,18.7,1.8,0.4,10.7,23.4,6.1,2.1,8.2,0.151,2.6,0.1,2.7,3.1
27,26,Andrea Bargnani,PF,65,1629,267,625,0.427,100,268,0.373,167,357,0.468,0.507,117,142,0.824,52,203,255,50,32,53,107,180,751,12.8,0.546,0.429,0.227,3.7,14.8,9.2,5.1,1.0,2.5,13.5,22.6,0.2,1.7,1.9,0.057,-1.1,-0.6,-1.8,0.1
28,27,Matt Barnes,PF,76,1813,275,628,0.438,106,290,0.366,169,338,0.5,0.522,90,123,0.732,91,259,350,156,73,41,105,188,746,14.7,0.547,0.462,0.196,5.4,16.0,10.6,12.8,1.9,1.7,13.3,18.5,1.9,1.8,3.7,0.099,0.6,0.3,0.9,1.3
31,30,Brent Barry,SG,75,1631,202,425,0.475,128,287,0.446,74,138,0.536,0.626,103,117,0.88,17,143,160,138,56,12,61,88,635,16.6,0.666,0.675,0.275,1.3,10.2,5.9,13.3,1.8,0.5,11.3,15.6,4.2,2.6,6.8,0.201,2.7,1.6,4.3,2.6
35,34,Tony Battie,PF,66,1575,176,360,0.489,0,1,0.0,176,359,0.49,0.489,52,77,0.675,92,252,344,35,29,30,61,185,404,9.8,0.513,0.003,0.214,7.4,19.3,13.5,3.6,1.0,1.5,13.4,13.4,0.6,2.1,2.7,0.081,-2.6,0.5,-2.1,0.0
36,35,Shane Battier,SF,82,2988,292,654,0.446,157,373,0.421,135,281,0.48,0.567,88,113,0.779,67,271,338,175,79,60,72,190,829,12.0,0.589,0.57,0.173,2.6,10.4,6.5,9.2,1.4,1.5,9.3,12.1,4.4,4.6,9.0,0.144,0.3,2.0,2.3,3.2
37,36,Charlie Bell,SG,82,2848,426,974,0.437,127,361,0.352,299,613,0.488,0.503,131,168,0.78,57,181,238,247,97,4,104,213,1110,13.1,0.53,0.371,0.172,2.3,7.6,4.9,13.6,1.8,0.1,9.0,18.3,3.6,0.4,4.0,0.068,-0.2,-1.1,-1.3,0.5
38,37,Raja Bell,SG,78,2917,410,950,0.432,205,496,0.413,205,454,0.452,0.539,118,152,0.776,48,203,251,196,50,22,83,233,1143,12.0,0.562,0.522,0.16,2.0,7.7,5.0,9.5,0.9,0.5,7.5,17.0,4.2,1.6,5.8,0.095,0.5,-0.6,-0.1,1.4
39,38,Mike Bibby,PG,82,2784,471,1166,0.404,173,481,0.36,298,685,0.435,0.478,288,347,0.83,39,224,263,388,88,6,197,139,1403,16.0,0.532,0.413,0.298,1.6,9.6,5.5,24.3,1.6,0.2,13.0,24.5,2.9,1.5,4.4,0.076,1.8,-1.4,0.4,1.7
40,39,Andris Biedriņš,C,82,2382,348,581,0.599,0,0,,348,581,0.599,0.599,87,167,0.521,251,511,762,88,67,136,119,304,783,16.2,0.598,0.0,0.287,11.3,24.0,17.5,5.4,1.4,4.3,15.4,13.8,3.5,3.3,6.7,0.136,-1.0,0.6,-0.3,1.0
41,40,Chauncey Billups*,PG,70,2533,348,815,0.427,109,316,0.345,239,499,0.479,0.494,386,437,0.883,23,214,237,502,84,17,140,161,1191,21.3,0.591,0.388,0.536,1.1,10.0,5.6,32.9,1.8,0.5,12.2,21.5,8.7,2.7,11.4,0.216,4.2,0.5,4.7,4.3
42,41,Steve Blake,PG,82,2225,209,509,0.411,67,208,0.322,142,301,0.472,0.476,43,64,0.672,21,148,169,408,61,8,129,121,528,9.9,0.491,0.409,0.126,1.1,7.5,4.3,26.1,1.4,0.3,19.4,13.0,1.0,1.1,2.1,0.045,-1.3,-0.7,-2.0,0.0
47,44,Mark Blount,C,82,2544,427,839,0.509,9,31,0.29,418,808,0.517,0.514,147,195,0.754,136,369,505,67,43,58,159,239,1010,12.7,0.546,0.037,0.232,6.6,16.9,11.9,4.5,0.9,1.8,14.7,19.8,0.6,2.2,2.8,0.052,-2.2,-0.9,-3.1,-0.7
49,46,Andrew Bogut,C,66,2258,348,629,0.553,1,5,0.2,347,624,0.556,0.554,112,194,0.577,168,416,584,198,49,35,150,216,809,15.5,0.566,0.008,0.308,8.7,21.9,15.2,13.9,1.1,1.2,17.4,17.3,2.6,1.4,4.0,0.085,0.2,-0.2,0.0,1.2
53,50,Carlos Boozer,PF,74,2557,647,1154,0.561,0,0,,647,1154,0.561,0.561,255,372,0.685,235,632,867,221,70,21,194,217,1549,24.1,0.588,0.0,0.322,11.2,29.9,20.6,16.6,1.4,0.7,12.8,26.5,6.5,3.4,9.9,0.185,4.4,0.2,4.6,4.3
54,51,Chris Bosh*,C,69,2658,543,1094,0.496,12,35,0.343,531,1059,0.501,0.502,463,590,0.785,186,555,741,175,39,90,179,163,1561,22.6,0.577,0.032,0.539,8.1,24.8,16.4,11.7,0.8,2.6,11.7,26.7,6.1,3.5,9.6,0.174,2.8,-0.1,2.7,3.1
55,52,Bruce Bowen,SF,82,2464,189,467,0.405,89,232,0.384,100,235,0.426,0.5,43,73,0.589,23,200,223,117,62,25,65,175,510,7.1,0.511,0.497,0.156,1.2,9.4,5.5,7.0,1.3,0.7,11.5,10.9,0.4,3.6,4.1,0.079,-2.5,1.4,-1.1,0.6
56,53,Earl Boykins,PG,66,2031,323,769,0.42,95,239,0.397,228,530,0.43,0.482,220,245,0.898,49,90,139,291,56,2,120,92,961,16.2,0.548,0.311,0.319,2.8,5.1,4.0,22.7,1.4,0.1,12.0,21.6,4.1,0.4,4.5,0.105,2.1,-1.7,0.4,1.3
60,55,Elton Brand,PF,80,3077,645,1211,0.533,1,1,1.0,644,1210,0.532,0.533,351,461,0.761,268,476,744,235,77,179,202,238,1642,23.1,0.581,0.001,0.381,10.5,18.3,14.5,14.7,1.3,4.5,12.5,24.3,7.2,4.3,11.5,0.18,3.4,0.8,4.2,4.8
67,62,P.J. Brown,PF,72,1456,170,418,0.407,0,2,0.0,170,416,0.409,0.407,96,122,0.787,129,218,347,48,24,52,85,187,436,9.7,0.462,0.005,0.292,10.2,17.0,13.6,5.0,0.8,2.8,15.3,17.0,-0.4,2.7,2.3,0.075,-4.0,0.7,-3.3,-0.5
69,64,Kobe Bryant*,SG,77,3140,813,1757,0.463,137,398,0.344,676,1359,0.497,0.502,667,768,0.868,75,364,439,413,111,36,255,205,2430,26.1,0.58,0.227,0.437,2.8,13.5,8.2,25.5,1.8,0.9,10.9,33.6,10.8,2.2,13.0,0.199,6.4,-0.5,5.9,6.1
70,65,Greg Buckner,SG,76,1372,123,299,0.411,32,103,0.311,91,196,0.464,0.465,27,34,0.794,35,123,158,70,47,7,40,152,305,7.8,0.486,0.344,0.114,3.1,10.6,6.9,7.6,1.8,0.4,11.3,12.0,0.4,1.7,2.2,0.076,-3.1,1.3,-1.7,0.1
74,69,Rasual Butler,SF,81,2223,314,788,0.398,134,363,0.369,180,425,0.424,0.484,56,87,0.644,42,214,256,63,40,54,67,148,818,10.8,0.495,0.461,0.11,2.1,11.4,6.7,4.7,1.0,1.9,7.5,18.3,0.8,1.8,2.6,0.056,-0.5,-0.4,-0.9,0.6
75,70,Andrew Bynum,C,82,1793,247,443,0.558,0,3,0.0,247,440,0.561,0.558,143,214,0.668,139,345,484,94,12,128,115,249,637,15.4,0.593,0.007,0.483,9.2,22.3,15.8,8.2,0.3,5.4,17.6,16.3,2.3,1.9,4.2,0.112,-1.6,0.5,-1.0,0.5
76,71,José Calderón,PG,77,1614,263,505,0.521,25,75,0.333,238,430,0.553,0.546,117,143,0.818,21,113,134,387,63,5,110,136,668,19.1,0.588,0.149,0.283,1.5,8.3,4.9,39.7,2.0,0.2,16.2,19.5,4.0,1.5,5.4,0.162,2.0,0.0,2.0,1.6
77,72,Marcus Camby,C,70,2369,312,659,0.473,0,2,0.0,312,657,0.475,0.473,161,221,0.729,164,652,816,223,87,231,122,183,785,19.1,0.519,0.003,0.335,7.9,30.5,19.4,14.1,1.8,7.0,13.9,15.9,2.5,5.1,7.6,0.155,0.8,3.9,4.7,4.0
79,74,Rodney Carney,SF,67,1169,182,392,0.464,25,72,0.347,157,320,0.491,0.496,53,87,0.609,39,89,128,26,38,23,43,118,442,11.4,0.514,0.184,0.222,4.0,9.1,6.6,3.8,1.7,1.5,9.1,18.7,0.4,1.0,1.3,0.055,-1.8,-0.4,-2.2,-0.1
80,75,Matt Carroll,SG,72,1878,285,658,0.433,111,267,0.416,174,391,0.445,0.517,188,208,0.904,35,172,207,91,53,9,73,176,869,14.6,0.58,0.406,0.316,2.1,11.2,6.5,8.2,1.5,0.4,8.9,19.9,3.4,1.2,4.6,0.117,0.9,-0.6,0.3,1.1
82,77,Vince Carter*,SG,82,3126,726,1598,0.454,156,437,0.357,570,1161,0.491,0.503,462,576,0.802,114,378,492,393,82,30,217,266,2070,21.8,0.559,0.273,0.36,4.3,14.2,9.3,25.1,1.4,0.8,10.5,30.8,7.4,3.1,10.5,0.161,4.3,-0.4,3.9,4.6
85,80,Tyson Chandler,C,73,2525,292,468,0.624,0,1,0.0,292,467,0.625,0.624,106,201,0.527,320,584,904,66,37,129,126,244,690,17.0,0.62,0.002,0.429,14.3,27.3,20.7,4.1,0.8,4.1,18.5,12.3,4.1,3.8,7.9,0.15,-0.1,0.7,0.6,1.6
89,84,Jarron Collins,C,82,913,75,170,0.441,0,0,,75,170,0.441,0.441,54,83,0.651,71,100,171,60,13,8,37,147,204,8.0,0.494,0.0,0.488,9.5,13.3,11.4,9.5,0.7,0.7,15.2,12.0,0.7,0.6,1.3,0.067,-2.8,-0.1,-2.9,-0.2
90,85,Jason Collins,PF,80,1844,55,151,0.364,0,2,0.0,55,149,0.369,0.364,59,127,0.465,90,226,316,46,40,38,73,273,169,3.0,0.408,0.013,0.841,5.8,14.4,10.1,3.5,1.1,1.6,26.1,7.1,-1.3,1.9,0.6,0.015,-6.3,0.4,-5.8,-1.8
92,87,Nick Collison,C,82,2378,318,636,0.5,0,2,0.0,318,634,0.502,0.5,154,199,0.774,229,437,666,82,48,66,123,289,790,14.2,0.546,0.003,0.313,11.4,22.2,16.8,5.4,1.1,2.1,14.5,16.2,2.8,1.8,4.6,0.093,-1.4,-1.0,-2.4,-0.3
96,89,Brian Cook,PF,65,1018,185,408,0.453,46,115,0.4,139,293,0.474,0.51,34,47,0.723,61,154,215,65,25,27,51,134,450,14.8,0.525,0.282,0.115,7.1,17.6,12.4,10.8,1.3,2.0,10.6,21.2,0.9,0.8,1.8,0.083,-0.2,-1.1,-1.2,0.2
99,92,Eddy Curry,C,81,2849,585,1016,0.576,1,1,1.0,584,1015,0.575,0.576,405,659,0.615,195,376,571,68,34,40,295,265,1576,17.0,0.603,0.001,0.649,8.2,15.5,11.9,4.6,0.6,1.1,18.4,25.5,3.1,1.6,4.7,0.079,-0.1,-1.8,-1.8,0.1
100,93,Samuel Dalembert,C,82,2535,356,658,0.541,0,2,0.0,356,656,0.543,0.541,167,224,0.746,239,494,733,64,47,159,161,287,879,16.1,0.581,0.003,0.34,11.3,23.3,17.4,4.2,1.0,4.8,17.5,16.7,2.5,3.6,6.2,0.117,-1.2,0.7,-0.5,0.9
101,94,Erick Dampier,C,76,1915,209,334,0.626,0,0,,209,334,0.626,0.626,119,191,0.623,217,349,566,44,24,82,107,239,537,14.9,0.642,0.0,0.572,14.0,21.5,17.8,3.5,0.7,3.3,20.4,12.8,3.3,3.1,6.4,0.16,-0.5,0.7,0.2,1.1
102,95,Antonio Daniels,SG,80,1761,172,389,0.442,19,63,0.302,153,326,0.469,0.467,208,250,0.832,18,133,151,290,39,9,69,79,571,15.0,0.572,0.162,0.643,1.1,8.9,4.9,24.3,1.1,0.4,12.1,14.2,4.1,0.2,4.3,0.116,1.0,-1.2,-0.3,0.8
107,100,Ricky Davis,SF,81,3021,506,1089,0.465,123,310,0.397,383,779,0.492,0.521,239,285,0.839,54,261,315,385,80,23,210,189,1374,15.9,0.566,0.285,0.262,2.2,10.1,6.2,21.9,1.4,0.6,14.7,21.9,3.9,1.9,5.7,0.091,1.2,-0.7,0.5,1.8
108,101,Carlos Delfino,SG,82,1372,156,376,0.415,46,138,0.333,110,238,0.462,0.476,70,89,0.787,67,199,266,88,46,8,61,97,428,12.8,0.515,0.367,0.237,5.8,17.2,11.5,10.2,1.8,0.5,12.8,16.5,1.0,1.9,2.9,0.101,-0.5,0.4,-0.1,0.7
109,102,Luol Deng,SF,82,3071,630,1218,0.517,1,7,0.143,629,1211,0.519,0.518,279,359,0.777,148,431,579,204,97,48,153,167,1540,18.7,0.56,0.006,0.295,5.5,15.9,10.8,11.8,1.6,1.2,10.0,22.2,5.7,5.6,11.3,0.176,1.7,1.3,3.0,3.9
110,103,Boris Diaw,PF,73,2268,306,569,0.538,15,45,0.333,291,524,0.555,0.551,82,120,0.683,91,226,317,352,28,38,154,177,709,13.0,0.57,0.079,0.211,4.9,11.0,8.1,21.7,0.6,1.2,19.9,15.4,3.0,1.5,4.6,0.097,0.3,0.2,0.4,1.4
117,108,DeSagana Diop,C,81,1480,71,151,0.47,0,1,0.0,71,150,0.473,0.47,48,86,0.558,166,272,438,30,40,113,63,244,190,10.6,0.503,0.007,0.57,13.8,21.6,17.8,2.8,1.4,5.8,25.0,7.9,0.7,3.1,3.8,0.123,-2.8,2.6,-0.2,0.7
118,109,Juan Dixon,SG,81,1926,299,703,0.425,79,226,0.35,220,477,0.461,0.482,101,116,0.871,27,131,158,123,76,9,101,177,778,11.8,0.516,0.321,0.165,1.7,8.4,5.0,11.0,2.1,0.4,11.8,20.7,0.5,1.2,1.7,0.042,-1.6,-0.4,-2.0,0.0
122,111,Keyon Dooling,SG,66,1435,188,458,0.41,31,96,0.323,157,362,0.434,0.444,114,141,0.809,22,64,86,112,52,15,72,125,521,11.1,0.501,0.21,0.308,1.9,5.4,3.7,13.1,1.9,0.8,12.2,19.1,0.7,1.4,2.1,0.071,-1.6,0.4,-1.3,0.3
124,113,Chris Duhon,PG,78,1906,197,483,0.408,88,245,0.359,109,238,0.458,0.499,76,101,0.752,23,146,169,310,69,6,105,150,558,11.9,0.529,0.507,0.209,1.4,8.7,5.1,24.4,1.9,0.2,16.6,14.8,1.9,3.0,4.8,0.121,-0.9,1.3,0.5,1.2
125,114,Tim Duncan*,C,80,2726,618,1131,0.546,1,9,0.111,617,1122,0.55,0.547,362,568,0.637,213,633,846,273,66,190,224,203,1599,26.1,0.579,0.008,0.502,9.8,27.0,18.8,18.8,1.3,5.1,14.0,27.9,6.3,6.8,13.0,0.23,3.8,3.2,7.0,6.2
126,115,Mike Dunleavy,SG-PF,82,2580,384,850,0.452,70,224,0.313,314,626,0.502,0.493,211,269,0.784,84,347,431,228,84,22,149,203,1049,14.1,0.542,0.264,0.316,3.6,15.5,9.4,14.2,1.6,0.6,13.3,19.0,2.6,2.5,5.1,0.095,-0.3,0.3,0.0,1.3
130,117,Monta Ellis,SG,77,2638,480,1010,0.475,39,143,0.273,441,867,0.509,0.495,273,358,0.763,62,181,243,319,132,21,221,210,1272,15.0,0.545,0.142,0.354,2.5,7.7,5.1,18.8,2.4,0.6,15.9,22.4,2.0,1.9,4.0,0.072,-0.9,-0.2,-1.1,0.6
131,118,Francisco Elson,C,70,1332,144,282,0.511,0,2,0.0,144,280,0.514,0.511,62,80,0.775,81,255,336,55,31,59,86,184,350,11.2,0.552,0.007,0.284,7.7,22.2,15.2,6.4,1.2,3.3,21.3,14.4,0.2,2.9,3.1,0.111,-3.7,2.1,-1.6,0.1
135,120,Maurice Evans,SG,76,1732,234,542,0.432,48,133,0.361,186,409,0.455,0.476,122,155,0.787,93,128,221,74,38,14,57,126,638,12.1,0.523,0.245,0.286,6.3,8.6,7.5,6.7,1.1,0.6,8.5,17.3,2.0,0.6,2.6,0.072,-0.4,-1.9,-2.3,-0.1
136,121,Reggie Evans,PF,66,1127,117,215,0.544,0,0,,117,215,0.544,0.544,91,183,0.497,156,304,460,45,42,16,95,144,325,13.5,0.55,0.0,0.851,15.8,29.9,23.0,5.7,1.8,1.0,24.3,14.8,0.4,1.9,2.3,0.096,-2.2,0.0,-2.2,-0.1
138,123,Jordan Farmar,PG,72,1090,124,294,0.422,45,137,0.328,79,157,0.503,0.498,27,38,0.711,22,97,119,137,44,7,73,77,320,10.8,0.515,0.466,0.129,2.4,10.3,6.4,19.0,2.1,0.5,19.0,15.8,0.2,0.7,0.9,0.038,-1.4,-0.3,-1.7,0.1
140,125,Raymond Felton,PG,78,2832,393,1024,0.384,103,312,0.33,290,712,0.407,0.434,204,256,0.797,51,216,267,545,118,10,230,180,1093,13.5,0.481,0.305,0.25,2.1,9.3,5.6,32.0,2.2,0.3,16.8,21.9,0.2,2.1,2.3,0.039,0.0,-0.7,-0.8,0.9
141,126,Michael Finley,SF,82,1823,273,663,0.412,104,286,0.364,169,377,0.448,0.49,90,98,0.918,34,189,223,108,32,16,46,76,740,13.7,0.524,0.431,0.148,2.3,12.0,7.4,9.7,0.9,0.6,6.1,19.6,2.1,2.6,4.7,0.125,0.8,-0.1,0.7,1.2
142,127,Derek Fisher,SG,82,2287,258,675,0.382,48,156,0.308,210,519,0.405,0.418,262,307,0.853,30,119,149,274,83,6,120,234,826,11.4,0.51,0.231,0.455,1.6,6.3,4.0,18.1,1.9,0.2,12.9,18.2,2.4,1.5,3.9,0.083,-1.7,0.0,-1.6,0.2
143,128,T.J. Ford,PG,75,2243,393,902,0.436,21,69,0.304,372,833,0.447,0.447,240,293,0.819,53,183,236,595,101,8,231,186,1047,18.2,0.508,0.076,0.325,2.7,9.7,6.2,44.8,2.3,0.3,18.3,26.1,2.0,2.3,4.3,0.091,1.4,-0.5,0.9,1.6
145,130,Jeff Foster,C,75,1740,122,260,0.469,0,1,0.0,122,259,0.471,0.469,78,122,0.639,253,356,609,57,62,37,70,202,322,13.0,0.513,0.004,0.469,16.5,24.1,20.2,5.0,1.9,1.6,18.2,9.9,1.8,2.7,4.5,0.124,-1.2,0.3,-0.9,0.5
146,131,Randy Foye,PG,82,1879,300,691,0.434,68,185,0.368,232,506,0.458,0.483,164,192,0.854,49,169,218,232,53,21,152,184,832,14.0,0.536,0.268,0.278,3.2,10.5,6.9,20.9,1.5,0.9,16.4,22.9,1.0,1.3,2.3,0.058,-0.3,-0.6,-1.0,0.5
150,135,Channing Frye,PF,72,1896,298,689,0.433,3,18,0.167,295,671,0.44,0.435,85,108,0.787,91,304,395,67,36,42,100,216,684,10.5,0.464,0.026,0.157,5.8,18.9,12.4,6.2,1.0,1.8,12.0,20.0,-0.6,1.6,0.9,0.024,-3.4,-0.6,-4.0,-0.9
152,137,Jorge Garbajosa,PF,67,1909,222,529,0.42,66,193,0.342,156,336,0.464,0.482,57,78,0.731,48,282,330,125,78,15,64,90,567,12.1,0.503,0.365,0.147,2.9,17.5,10.2,10.1,2.1,0.6,10.2,15.2,0.6,2.4,3.0,0.074,-0.8,1.1,0.3,1.1
153,138,Francisco García,SF,79,1410,163,380,0.429,53,149,0.356,110,231,0.476,0.499,95,114,0.833,53,152,205,87,45,43,70,190,474,11.7,0.551,0.392,0.3,4.3,12.9,8.5,9.8,1.6,2.3,14.0,15.9,1.1,1.2,2.4,0.08,-1.4,0.4,-1.1,0.3
154,139,Kevin Garnett*,PF,76,2995,638,1341,0.476,12,56,0.214,626,1285,0.487,0.48,416,498,0.835,183,792,975,313,89,126,205,184,1704,24.1,0.546,0.042,0.371,7.5,30.8,19.5,19.5,1.6,3.2,11.6,27.4,5.7,4.9,10.7,0.171,3.8,1.7,5.4,5.5
157,142,Rudy Gay,SF,78,2103,321,760,0.422,52,143,0.364,269,617,0.436,0.457,152,209,0.727,93,255,348,100,71,74,140,192,846,12.4,0.497,0.188,0.275,5.3,14.5,9.9,8.0,1.7,2.7,14.1,21.3,-0.5,1.0,0.5,0.011,-1.5,-0.7,-2.2,-0.1
158,143,Mickaël Gelabale,SF,70,1239,122,264,0.462,11,47,0.234,111,217,0.512,0.483,66,82,0.805,59,114,173,56,24,22,49,108,321,9.8,0.535,0.178,0.311,5.7,11.1,8.4,6.7,1.0,1.4,14.0,12.8,0.9,0.4,1.3,0.05,-1.8,-0.9,-2.6,-0.2
161,146,Manu Ginóbili*,SG,75,2060,396,854,0.464,128,323,0.396,268,531,0.505,0.539,320,372,0.86,59,268,327,263,109,27,157,155,1240,24.1,0.609,0.378,0.436,3.6,15.1,9.6,22.6,2.8,1.0,13.4,27.1,6.3,4.3,10.6,0.246,5.3,2.5,7.8,5.1
164,149,Ryan Gomes,PF,73,2275,338,723,0.467,16,42,0.381,322,681,0.473,0.479,189,233,0.811,125,282,407,119,48,13,105,169,881,13.7,0.534,0.058,0.322,6.4,15.2,10.7,9.2,1.1,0.4,11.3,18.5,2.5,1.7,4.2,0.089,-0.4,-1.0,-1.4,0.3
165,150,Drew Gooden,PF,80,2238,371,784,0.473,1,6,0.167,370,778,0.476,0.474,142,199,0.714,263,418,681,88,70,28,115,210,885,16.5,0.508,0.008,0.254,13.3,22.3,17.7,6.7,1.7,1.0,11.7,20.0,2.4,4.1,6.5,0.139,-0.2,0.0,-0.2,1.0
166,151,Ben Gordon,SG,82,2704,609,1338,0.455,155,375,0.413,454,963,0.471,0.513,380,440,0.864,35,223,258,296,64,17,249,252,1753,18.2,0.572,0.28,0.329,1.5,9.3,5.4,20.1,1.2,0.5,14.0,29.3,4.7,3.9,8.6,0.152,2.5,-0.1,2.4,3.0
167,152,Joey Graham,SF,79,1319,192,388,0.495,9,31,0.29,183,357,0.513,0.506,110,131,0.84,55,193,248,44,30,4,49,161,503,12.9,0.564,0.08,0.338,4.9,17.4,11.0,5.4,1.2,0.2,9.9,17.4,1.7,1.3,3.0,0.108,-1.8,-0.1,-1.9,0.0
169,154,Danny Granger,SF,82,2785,398,868,0.459,110,288,0.382,288,580,0.497,0.522,236,294,0.803,114,267,381,114,67,61,135,245,1142,13.9,0.573,0.332,0.339,4.6,11.3,7.9,7.0,1.2,1.7,11.9,18.2,3.9,2.6,6.5,0.111,0.4,-0.1,0.2,1.5
170,155,Gerald Green,SF,81,1780,310,739,0.419,95,258,0.368,215,481,0.447,0.484,128,159,0.805,68,140,208,83,41,24,120,198,843,12.0,0.521,0.349,0.215,4.5,9.6,7.0,8.5,1.2,1.0,12.9,23.7,0.4,1.2,1.6,0.042,-0.7,-1.7,-2.5,-0.2
171,156,Willie Green,SG,74,1842,357,868,0.411,51,157,0.325,306,711,0.43,0.441,74,111,0.667,42,116,158,112,56,4,106,144,839,10.3,0.458,0.181,0.128,2.7,7.5,5.1,11.2,1.6,0.2,10.4,25.7,-1.8,1.1,-0.7,-0.018,-2.9,-1.8,-4.7,-1.2
177,162,Richard Hamilton,SG,75,2763,547,1170,0.468,44,129,0.341,503,1041,0.483,0.486,347,403,0.861,75,207,282,285,59,15,159,232,1485,18.1,0.551,0.11,0.344,3.2,8.9,6.1,19.0,1.2,0.4,10.6,25.9,5.7,2.4,8.1,0.141,1.8,-0.5,1.2,2.2
178,163,Matt Harpring,SF,77,1965,322,656,0.491,13,39,0.333,309,617,0.501,0.501,237,309,0.767,117,236,353,99,52,11,118,232,894,14.7,0.564,0.059,0.471,7.3,14.6,10.9,8.2,1.4,0.5,13.0,20.8,3.1,1.6,4.7,0.115,-0.4,-0.7,-1.0,0.5
179,164,Al Harrington,PF,78,2563,495,1083,0.457,127,293,0.433,368,790,0.466,0.516,168,242,0.694,151,345,496,149,65,24,169,269,1285,14.8,0.54,0.271,0.223,6.5,15.4,10.9,9.8,1.3,0.7,12.4,23.1,2.0,2.2,4.3,0.08,0.3,-1.2,-0.9,0.7
184,167,Devin Harris,PG,80,2081,292,593,0.492,14,50,0.28,278,543,0.512,0.504,215,261,0.824,45,151,196,296,96,21,146,242,813,16.0,0.574,0.084,0.44,2.7,8.5,5.7,22.9,2.5,0.8,17.1,19.1,3.7,2.9,6.5,0.151,-0.3,1.6,1.2,1.7
189,170,Udonis Haslem,PF,79,2483,353,717,0.492,0,4,0.0,353,713,0.495,0.492,138,203,0.68,188,466,654,97,49,26,110,236,844,13.7,0.523,0.006,0.283,9.2,21.6,15.5,6.6,1.1,0.8,12.0,17.5,2.0,3.1,5.1,0.099,-1.6,-0.8,-2.3,-0.2
190,171,Trenton Hassell,SG,76,2223,217,443,0.49,6,25,0.24,211,418,0.505,0.497,72,92,0.783,83,160,243,203,22,26,80,144,512,9.7,0.529,0.056,0.208,4.6,8.4,6.5,14.0,0.5,0.9,14.2,11.8,1.8,0.8,2.6,0.056,-1.4,-0.5,-1.9,0.0
191,172,Chuck Hayes,PF,78,1714,192,335,0.573,0,0,,192,335,0.573,0.573,55,89,0.618,204,317,521,47,70,18,64,281,439,13.9,0.587,0.0,0.266,13.8,21.1,17.5,4.4,2.2,0.8,14.6,11.9,2.9,3.6,6.4,0.179,-2.3,1.6,-0.7,0.6
192,173,Jarvis Hayes,SF,81,1626,224,546,0.41,66,183,0.361,158,363,0.435,0.471,71,84,0.845,42,168,210,80,48,13,56,160,585,10.7,0.502,0.335,0.154,2.9,12.2,7.4,7.7,1.5,0.6,8.8,17.3,1.0,0.5,1.5,0.045,-1.4,-1.3,-2.6,-0.3
193,174,Brendan Haywood,C,77,1740,198,355,0.558,0,0,,198,355,0.558,0.558,115,210,0.548,195,282,477,47,34,88,90,208,511,14.2,0.571,0.0,0.592,12.5,19.2,15.8,4.1,1.0,3.9,16.7,13.6,2.2,1.3,3.4,0.095,-1.1,-0.8,-1.8,0.1
194,175,Luther Head,SG,80,2211,306,700,0.437,177,401,0.441,129,299,0.431,0.564,83,105,0.79,31,221,252,194,76,5,137,133,872,13.7,0.584,0.573,0.15,1.6,11.4,6.6,14.8,1.8,0.2,15.5,18.6,2.2,3.4,5.7,0.123,0.5,1.1,1.6,2.0
198,179,Grant Hill*,SG,65,2009,342,660,0.518,2,12,0.167,340,648,0.525,0.52,248,324,0.765,53,184,237,138,61,25,144,146,934,16.3,0.582,0.018,0.491,3.3,11.0,7.3,12.3,1.6,1.0,15.2,21.8,2.9,2.3,5.1,0.123,0.7,0.4,1.1,1.6
199,180,Kirk Hinrich,PG,80,2839,475,1061,0.448,140,337,0.415,335,724,0.463,0.514,237,284,0.835,32,242,274,500,100,23,191,274,1327,17.0,0.559,0.318,0.268,1.3,9.7,5.5,29.2,1.8,0.6,13.9,21.6,5.5,4.6,10.1,0.171,1.7,1.1,2.8,3.5
205,184,Robert Horry,PF,68,1124,90,251,0.359,50,149,0.336,40,102,0.392,0.458,38,64,0.594,73,156,229,77,45,41,44,105,268,11.9,0.48,0.594,0.255,8.2,16.1,12.3,10.1,2.1,2.7,13.6,13.6,0.6,2.4,2.9,0.125,-0.5,2.7,2.1,1.2
207,186,Dwight Howard,C,82,3023,526,873,0.603,1,2,0.5,525,871,0.603,0.603,390,666,0.586,283,725,1008,158,70,156,317,245,1443,21.1,0.619,0.002,0.763,11.8,28.9,20.5,9.5,1.2,4.2,21.4,22.7,3.9,5.8,9.7,0.154,1.7,1.1,2.8,3.7
208,187,Josh Howard,SF,70,2455,493,1075,0.459,92,239,0.385,401,836,0.48,0.501,243,294,0.827,130,345,475,127,82,56,123,180,1321,20.0,0.548,0.222,0.273,6.5,16.6,11.7,9.2,1.8,1.7,9.3,25.2,5.0,3.8,8.8,0.173,2.7,0.4,3.1,3.2
209,188,Juwan Howard,PF,80,2123,309,665,0.465,0,0,,309,665,0.465,0.465,155,188,0.824,138,332,470,131,29,8,112,205,773,12.8,0.517,0.0,0.283,7.5,17.9,12.7,10.5,0.7,0.3,13.0,18.9,1.7,3.2,4.9,0.11,-2.2,0.3,-2.0,0.0
211,190,Larry Hughes,SG,70,2596,381,953,0.4,74,222,0.333,307,731,0.42,0.439,209,309,0.676,41,226,267,256,89,26,154,164,1045,12.1,0.48,0.233,0.324,1.8,10.4,6.0,16.4,1.8,0.8,12.4,21.7,0.1,3.8,3.9,0.073,-1.5,0.7,-0.8,0.8
214,193,Steven Hunter,PF,70,1605,188,326,0.577,0,0,,188,326,0.577,0.577,74,151,0.49,114,221,335,26,13,76,65,137,450,12.3,0.573,0.0,0.463,8.6,16.5,12.5,2.6,0.4,3.7,14.2,13.2,1.3,1.5,2.8,0.085,-1.6,-0.1,-1.8,0.1
215,194,Andre Iguodala,SG,76,3062,443,991,0.447,48,155,0.31,395,836,0.472,0.471,452,551,0.82,77,357,434,432,152,33,261,200,1386,18.1,0.562,0.156,0.556,3.0,14.0,8.5,23.8,2.6,0.8,17.5,22.6,4.1,3.6,7.7,0.12,1.3,1.1,2.4,3.4
216,195,Zydrunas Ilgauskas,C,78,2130,385,793,0.485,0,1,0.0,385,792,0.486,0.485,155,192,0.807,242,357,599,123,48,98,141,257,925,18.0,0.527,0.001,0.242,12.9,20.0,16.4,10.2,1.2,3.6,13.8,21.7,2.6,4.0,6.6,0.148,-0.5,0.9,0.4,1.3
219,198,Ersan İlyasova,PF,66,973,139,363,0.383,54,148,0.365,85,215,0.395,0.457,70,89,0.787,58,131,189,49,27,17,51,147,402,12.1,0.5,0.408,0.245,6.9,16.0,11.4,7.8,1.4,1.4,11.3,21.0,0.5,0.5,1.0,0.051,-1.4,-1.5,-2.9,-0.2
220,199,Allen Iverson*,SG-PG,65,2761,581,1313,0.442,62,197,0.315,519,1116,0.465,0.466,485,610,0.795,23,170,193,468,123,13,268,95,1709,19.6,0.54,0.15,0.465,1.0,6.9,4.0,29.6,2.2,0.3,14.5,29.3,4.0,2.2,6.2,0.108,2.6,-0.8,1.8,2.6
224,201,Jarrett Jack,PG,79,2651,320,705,0.454,63,180,0.35,257,525,0.49,0.499,243,279,0.871,18,190,208,417,86,9,187,202,946,14.5,0.571,0.255,0.396,0.8,9.1,4.9,26.2,1.8,0.3,18.4,18.0,3.8,1.0,4.8,0.087,0.2,-0.9,-0.7,0.9
230,205,Stephen Jackson,SF-SG,75,2479,409,944,0.433,100,311,0.322,309,633,0.488,0.486,243,299,0.813,61,161,222,287,84,34,183,200,1161,14.4,0.54,0.329,0.317,2.7,7.5,5.0,18.8,1.7,1.0,14.5,22.1,2.3,1.7,4.1,0.079,0.1,-0.7,-0.6,0.9
234,207,LeBron James,SF,78,3190,772,1621,0.476,99,310,0.319,673,1311,0.513,0.507,489,701,0.698,83,443,526,470,125,55,250,171,2132,24.5,0.552,0.191,0.432,3.0,16.6,9.6,29.1,2.1,1.3,11.5,31.0,8.0,5.7,13.7,0.206,5.9,2.2,8.1,8.1
235,208,Mike James,PG,82,2069,297,703,0.422,80,215,0.372,217,488,0.445,0.479,154,184,0.837,25,138,163,297,55,7,129,171,828,13.3,0.528,0.306,0.262,1.5,7.8,4.7,23.7,1.4,0.3,14.1,20.5,1.8,1.1,2.8,0.065,-0.6,-1.0,-1.6,0.2
236,209,Antawn Jamison,PF,70,2662,512,1139,0.45,138,379,0.364,374,760,0.492,0.51,226,307,0.736,134,428,562,136,80,36,104,194,1388,18.4,0.545,0.333,0.27,5.6,19.0,12.1,8.8,1.5,1.0,7.5,22.8,5.2,1.6,6.8,0.123,2.7,-1.4,1.3,2.2
237,210,Marko Jarić,SG,70,1555,136,325,0.418,32,85,0.376,104,240,0.433,0.468,67,88,0.761,54,130,184,145,75,16,88,172,371,9.6,0.51,0.262,0.271,4.3,9.7,7.1,14.1,2.5,0.8,19.5,13.5,0.1,1.5,1.5,0.048,-3.1,1.5,-1.6,0.1
241,212,Al Jefferson,C,69,2319,453,882,0.514,0,1,0.0,453,881,0.514,0.514,201,295,0.681,237,519,756,88,48,106,136,232,1107,19.8,0.547,0.001,0.334,12.0,27.4,19.5,7.2,1.1,3.5,11.8,22.4,3.3,3.3,6.6,0.137,1.0,-0.3,0.7,1.6
246,217,Anthony Johnson,PG,67,1301,142,343,0.414,25,73,0.342,117,270,0.433,0.45,46,61,0.754,22,79,101,201,33,3,76,119,355,9.9,0.48,0.213,0.178,2.1,7.3,4.7,24.9,1.4,0.2,17.0,15.8,0.4,0.8,1.2,0.045,-2.4,-1.2,-3.7,-0.5
253,222,Dahntay Jones,SG,78,1671,220,461,0.477,5,12,0.417,215,449,0.479,0.483,138,174,0.793,47,106,153,68,39,22,92,192,583,9.6,0.542,0.026,0.377,3.4,7.6,5.5,6.6,1.2,1.0,14.6,17.0,0.7,0.0,0.7,0.019,-3.0,-1.6,-4.6,-1.1
262,227,James Jones,SF,76,1376,162,440,0.368,90,238,0.378,72,202,0.356,0.47,71,81,0.877,33,143,176,45,28,42,28,115,485,10.8,0.51,0.541,0.184,2.9,11.5,7.5,4.5,1.0,2.1,5.6,16.5,1.0,1.2,2.2,0.077,-0.5,-0.2,-0.6,0.5
265,230,Chris Kaman,C,75,2176,294,652,0.451,0,1,0.0,294,651,0.452,0.451,166,224,0.741,160,428,588,79,41,116,147,251,754,12.9,0.502,0.002,0.344,8.9,23.3,16.2,6.1,1.0,4.1,16.4,19.0,-0.3,3.2,2.9,0.063,-3.0,0.0,-3.0,-0.5
266,231,Jason Kapono,SF,67,1767,278,563,0.494,108,210,0.514,170,353,0.482,0.59,66,74,0.892,26,154,180,81,38,2,70,135,730,13.8,0.613,0.373,0.131,1.8,10.0,6.0,7.9,1.1,0.1,10.5,17.9,2.9,1.3,4.2,0.114,0.5,-1.0,-0.5,0.7
268,233,Jason Kidd*,PG,80,2933,369,908,0.406,124,361,0.343,245,547,0.448,0.475,179,230,0.778,135,520,655,736,127,23,213,146,1041,19.4,0.516,0.398,0.253,5.5,20.8,13.2,41.4,2.3,0.6,17.4,19.4,5.1,4.1,9.3,0.152,3.1,1.5,4.7,4.9
270,235,Andrei Kirilenko,SF,70,2049,197,418,0.471,16,75,0.213,181,343,0.528,0.49,174,239,0.728,88,241,329,202,74,144,135,172,584,14.3,0.558,0.179,0.572,5.2,14.3,9.8,14.5,1.9,5.8,20.5,14.4,1.6,2.9,4.4,0.104,0.7,3.1,3.8,3.0
271,236,Linas Kleiza,PF,79,1488,200,474,0.422,83,221,0.376,117,253,0.462,0.509,115,135,0.852,77,189,266,45,28,14,79,200,598,11.1,0.561,0.466,0.285,5.9,14.1,10.1,4.5,0.9,0.7,12.9,17.6,1.6,1.2,2.8,0.09,-1.6,-0.9,-2.5,-0.2
274,239,Kyle Korver,SF,74,2288,372,845,0.44,132,307,0.43,240,538,0.446,0.518,191,209,0.914,30,229,259,105,57,20,117,188,1067,14.2,0.569,0.363,0.247,1.6,12.0,6.8,8.0,1.3,0.7,11.1,21.3,2.9,1.7,4.6,0.097,0.7,-0.7,-0.1,1.1
286,251,Corey Maggette,SF,75,2291,367,808,0.454,13,65,0.2,354,743,0.476,0.462,519,633,0.82,90,352,442,208,65,14,201,244,1266,18.6,0.583,0.08,0.783,4.7,18.2,11.5,15.9,1.5,0.5,15.6,26.0,4.5,2.5,7.0,0.146,1.0,-0.5,0.5,1.5
287,252,Jamaal Magloire,C,81,1703,199,395,0.504,0,0,,199,395,0.504,0.504,131,242,0.541,151,341,492,30,21,66,129,226,529,11.5,0.527,0.0,0.613,10.8,25.4,18.0,2.9,0.7,3.1,20.5,17.4,-0.4,1.5,1.1,0.032,-3.4,-1.0,-4.4,-1.0
289,254,Stephon Marbury,PG,74,2748,395,952,0.415,123,345,0.357,272,607,0.448,0.48,297,386,0.769,36,177,213,403,71,10,179,185,1210,15.3,0.539,0.362,0.405,1.6,7.6,4.6,25.2,1.4,0.3,13.8,21.5,4.8,1.1,5.9,0.103,1.5,-1.3,0.2,1.5
290,255,Shawn Marion,SF,80,3010,561,1071,0.524,80,252,0.317,481,819,0.587,0.561,201,248,0.81,172,613,785,134,156,122,114,216,1403,20.8,0.594,0.235,0.232,7.0,22.6,15.2,6.7,2.6,2.8,8.8,19.3,6.7,5.3,12.0,0.191,2.4,1.9,4.4,4.8
293,258,Donyell Marshall,PF,81,1360,209,493,0.424,95,271,0.351,114,222,0.514,0.52,53,80,0.663,86,237,323,46,39,43,67,130,566,15.3,0.536,0.55,0.162,7.2,20.8,13.8,5.7,1.5,2.5,11.3,19.8,1.3,2.6,3.8,0.135,0.8,0.8,1.6,1.3
297,262,Kevin Martin,SG,80,2818,505,1067,0.473,127,333,0.381,378,734,0.515,0.533,481,570,0.844,69,273,342,173,98,11,135,181,1618,20.1,0.614,0.312,0.534,2.8,11.6,7.1,10.9,1.8,0.3,9.3,23.2,8.3,1.9,10.2,0.173,3.2,-0.5,2.8,3.4
298,263,Desmond Mason,SF,75,2575,407,900,0.452,0,0,,407,900,0.452,0.452,214,323,0.663,124,221,345,115,52,22,192,174,1028,10.8,0.493,0.0,0.359,5.4,10.1,7.7,7.6,1.1,0.7,15.6,21.9,-1.2,1.8,0.6,0.011,-2.7,-1.2,-3.9,-1.3
300,265,Jason Maxiell,C,67,943,131,262,0.5,0,0,,131,262,0.5,0.5,72,137,0.526,88,98,186,14,30,60,53,110,334,14.4,0.518,0.0,0.523,11.1,12.3,11.7,2.5,1.7,4.9,14.1,18.9,0.3,1.5,1.8,0.091,-2.6,0.5,-2.0,0.0
304,269,Antonio McDyess,PF,82,1729,284,540,0.526,0,0,,284,540,0.526,0.526,96,139,0.691,165,331,496,72,61,65,75,240,664,18.1,0.552,0.0,0.257,11.3,22.7,17.0,7.2,1.9,2.9,11.1,18.6,2.8,3.2,6.0,0.168,-0.4,1.1,0.6,1.1
306,271,Tracy McGrady*,SG,71,2539,638,1480,0.431,126,381,0.331,512,1099,0.466,0.474,345,488,0.707,56,322,378,458,92,36,213,136,1747,23.2,0.515,0.257,0.33,2.6,14.5,8.6,37.5,1.9,1.1,11.2,35.0,4.1,4.5,8.6,0.163,4.9,1.2,6.1,5.2
315,278,Darko Miličić,PF,80,1913,249,548,0.454,0,1,0.0,249,547,0.455,0.454,141,230,0.613,145,292,437,90,44,140,124,219,639,13.8,0.492,0.002,0.42,9.6,18.4,14.1,7.9,1.2,5.9,16.0,18.7,0.0,3.3,3.3,0.082,-2.1,1.5,-0.5,0.7
316,279,Andre Miller,PG,80,2966,424,909,0.466,5,35,0.143,419,874,0.479,0.469,222,283,0.784,97,255,352,625,110,10,222,184,1075,16.1,0.52,0.039,0.311,3.9,10.1,7.0,34.3,1.9,0.3,17.7,19.2,3.5,2.4,5.9,0.095,0.5,-0.3,0.2,1.7
320,281,Mike Miller,SG,70,2740,465,1010,0.46,202,498,0.406,263,512,0.514,0.56,161,203,0.793,52,326,378,298,54,18,179,138,1293,16.4,0.588,0.493,0.201,2.3,14.2,8.2,18.7,1.0,0.5,14.0,21.1,4.6,0.3,4.8,0.085,3.1,-1.7,1.4,2.3
321,282,Paul Millsap,PF,82,1472,209,398,0.525,1,3,0.333,208,395,0.527,0.526,140,208,0.673,183,240,423,62,67,74,94,236,559,17.6,0.571,0.008,0.523,15.1,19.8,17.5,6.7,2.4,4.2,16.1,17.8,2.4,2.3,4.7,0.153,-0.4,1.0,0.6,0.9
323,284,Cuttino Mobley,SG,78,2841,388,882,0.44,101,246,0.411,287,636,0.451,0.497,200,239,0.837,52,215,267,198,92,24,145,186,1077,12.5,0.546,0.279,0.271,2.2,9.0,5.6,11.7,1.7,0.7,12.8,18.4,2.2,2.4,4.6,0.078,-0.6,-0.4,-1.0,0.8
325,286,Mikki Moore,C,79,2082,308,506,0.609,0,1,0.0,308,505,0.61,0.609,160,235,0.681,145,258,403,74,46,60,113,261,776,14.8,0.637,0.002,0.464,8.3,14.5,11.4,6.1,1.2,2.3,15.6,16.2,3.5,2.3,5.7,0.131,-1.3,0.1,-1.2,0.4
327,288,Adam Morrison,PF,78,2326,355,944,0.376,87,258,0.337,268,686,0.391,0.422,120,169,0.71,54,176,230,163,28,6,130,179,917,7.9,0.45,0.273,0.179,2.7,9.2,5.9,11.9,0.6,0.2,11.3,22.4,-2.2,0.8,-1.5,-0.03,-2.7,-2.4,-5.1,-1.8
328,289,Alonzo Mourning*,C,77,1572,238,425,0.56,0,0,,238,425,0.56,0.56,185,308,0.601,126,224,350,18,13,178,129,219,661,16.7,0.59,0.0,0.725,9.7,16.4,13.1,2.0,0.4,9.0,18.7,20.8,1.0,2.5,3.5,0.107,-3.1,1.2,-1.9,0.0
329,290,Troy Murphy,PF,68,1852,266,581,0.458,58,147,0.395,208,434,0.479,0.508,108,145,0.745,100,314,414,126,46,42,78,196,698,14.5,0.541,0.253,0.25,6.0,19.6,12.7,10.9,1.2,1.7,10.8,17.2,2.4,2.1,4.5,0.116,0.1,0.4,0.5,1.1
332,291,Ronald Murray,SG,69,1477,177,438,0.404,24,83,0.289,153,355,0.431,0.432,87,120,0.725,26,87,113,187,49,13,90,96,465,10.8,0.474,0.189,0.274,2.1,7.0,4.5,20.4,1.8,0.7,15.5,18.7,-0.1,1.4,1.3,0.042,-2.3,-0.2,-2.4,-0.1
333,292,Dikembe Mutombo*,C,75,1289,85,153,0.556,0,0,,85,153,0.556,0.556,60,87,0.69,164,324,488,13,22,76,38,156,230,14.4,0.601,0.0,0.569,14.7,28.7,21.8,1.5,0.9,4.5,16.6,8.3,2.1,3.0,5.2,0.192,-1.5,2.2,0.6,0.8
334,293,Boštjan Nachbar,SF,76,1532,226,495,0.457,112,265,0.423,114,230,0.496,0.57,132,164,0.805,27,226,253,61,30,26,69,183,696,14.5,0.614,0.535,0.331,2.1,17.3,9.7,6.8,1.0,1.3,10.8,19.3,2.5,1.6,4.1,0.128,0.4,-0.1,0.3,0.9
335,294,Eduardo Nájera,PF,75,1658,204,354,0.576,1,12,0.083,203,342,0.594,0.578,88,123,0.715,131,179,310,64,73,26,56,207,497,13.5,0.609,0.034,0.347,9.0,12.0,10.5,5.7,2.2,1.1,12.1,12.0,2.9,1.8,4.8,0.138,-0.9,1.2,0.2,0.9
336,295,Steve Nash*,PG,76,2682,517,971,0.532,156,343,0.455,361,628,0.575,0.613,222,247,0.899,30,239,269,884,57,6,287,117,1412,23.8,0.654,0.353,0.254,1.4,9.9,5.8,50.1,1.1,0.2,21.0,22.9,10.8,1.7,12.6,0.225,6.7,-0.8,5.9,5.3
337,296,Jameer Nelson,PG,77,2331,376,875,0.43,65,194,0.335,311,681,0.457,0.467,183,221,0.828,50,186,236,330,73,5,184,225,1000,13.9,0.514,0.222,0.253,2.7,9.6,6.2,25.0,1.7,0.2,15.9,23.0,1.6,2.4,4.0,0.082,-0.1,-0.6,-0.7,0.8
338,297,Rasho Nesterović,C,80,1676,230,421,0.546,0,1,0.0,230,420,0.548,0.546,34,50,0.68,115,245,360,74,37,84,56,193,494,13.9,0.558,0.002,0.119,8.0,17.4,12.6,7.0,1.1,3.9,11.2,13.8,1.9,2.2,4.1,0.118,-1.4,1.2,-0.3,0.7
341,300,David Noel,PF,68,792,65,177,0.367,17,53,0.321,48,124,0.387,0.415,37,43,0.86,42,81,123,65,25,9,40,77,184,9.0,0.47,0.299,0.243,6.2,12.2,9.1,11.7,1.6,0.9,17.0,13.4,0.1,0.3,0.4,0.024,-2.2,-0.9,-3.1,-0.2
343,302,Dirk Nowitzki*,PF,78,2820,673,1341,0.502,72,173,0.416,601,1168,0.515,0.529,498,551,0.904,122,571,693,263,52,62,167,171,1916,27.6,0.605,0.129,0.411,5.3,23.9,14.8,17.8,1.0,1.7,9.5,28.9,11.8,4.5,16.3,0.278,7.2,1.2,8.3,7.4
345,304,Jermaine O'Neal,C,69,2459,498,1141,0.436,0,7,0.0,498,1134,0.439,0.436,343,447,0.767,153,508,661,167,50,182,203,232,1339,18.8,0.5,0.006,0.392,7.1,24.4,15.5,13.0,1.1,5.6,13.2,28.1,0.5,4.1,4.7,0.091,-0.4,1.2,0.8,1.7
347,306,Fabricio Oberto,C,79,1365,158,281,0.562,0,0,,158,281,0.562,0.562,33,51,0.647,131,237,368,68,25,24,69,213,349,11.9,0.575,0.0,0.181,12.1,20.2,16.3,7.8,1.0,1.3,18.5,12.9,1.6,2.5,4.1,0.144,-2.5,1.1,-1.3,0.2
349,308,Emeka Okafor,C,67,2329,394,740,0.532,0,0,,394,740,0.532,0.532,175,295,0.593,258,499,757,80,57,172,111,210,963,20.1,0.554,0.0,0.399,12.7,26.2,19.2,6.0,1.3,5.7,11.3,19.1,3.5,3.6,7.1,0.147,1.2,0.9,2.1,2.4
350,309,Mehmet Okur,C,80,2664,490,1061,0.462,129,336,0.384,361,725,0.498,0.523,296,387,0.765,160,419,579,156,36,38,125,257,1405,18.1,0.571,0.317,0.365,7.3,19.1,13.2,9.9,0.7,1.2,9.2,22.8,6.5,2.3,8.8,0.158,3.1,-0.9,2.2,2.8
354,313,Travis Outlaw,PF,67,1532,246,567,0.434,10,37,0.27,236,530,0.445,0.443,143,181,0.79,65,152,217,52,61,74,66,150,645,15.3,0.499,0.065,0.319,5.2,12.6,8.8,6.1,2.2,3.9,9.3,21.8,0.9,1.4,2.3,0.072,-0.7,0.3,-0.4,0.6
355,314,Zaza Pachulia,C,72,2026,291,614,0.474,0,1,0.0,291,613,0.475,0.474,293,373,0.786,199,301,500,106,77,36,162,267,875,16.8,0.562,0.002,0.607,11.7,18.1,14.9,9.2,2.0,1.4,17.2,21.3,2.7,2.1,4.8,0.114,-0.4,-0.4,-0.8,0.6
359,316,Jannero Pargo,PG,82,1710,283,692,0.409,81,209,0.388,202,483,0.418,0.467,104,122,0.852,20,160,180,203,53,4,122,121,751,13.4,0.504,0.302,0.176,1.3,11.1,6.1,20.4,1.6,0.2,14.1,23.1,0.6,1.4,2.0,0.056,-0.4,-0.4,-0.8,0.5
360,317,Anthony Parker,SG,73,2437,328,687,0.477,115,261,0.441,213,426,0.5,0.561,132,158,0.835,60,223,283,153,73,11,71,135,903,14.5,0.597,0.38,0.23,2.9,10.9,6.8,9.9,1.6,0.3,8.6,15.7,4.4,2.1,6.5,0.127,0.9,0.4,1.4,2.1
361,318,Smush Parker,PG,82,2457,342,785,0.436,110,301,0.365,232,484,0.479,0.506,113,175,0.646,45,161,206,228,119,10,153,211,907,11.6,0.526,0.383,0.223,2.2,7.6,4.9,14.6,2.5,0.3,15.1,18.6,0.7,1.6,2.3,0.045,-1.7,-0.3,-2.0,0.0
362,319,Tony Parker*,PG,77,2499,570,1096,0.52,15,38,0.395,555,1058,0.525,0.527,274,350,0.783,34,216,250,420,82,6,191,137,1429,21.4,0.572,0.035,0.319,1.7,10.0,6.0,31.7,1.8,0.2,13.3,27.4,5.8,3.9,9.6,0.185,2.7,0.4,3.1,3.2
363,320,Ruben Patterson,SF,81,2508,475,867,0.548,3,19,0.158,472,848,0.557,0.55,241,376,0.641,190,250,440,232,110,25,199,232,1194,18.5,0.578,0.022,0.434,8.8,11.9,10.3,15.5,2.3,0.8,16.2,22.2,4.1,1.3,5.4,0.103,1.7,-0.6,1.0,1.9
365,322,Sasha Pavlović,SG,67,1534,222,490,0.453,60,148,0.405,162,342,0.474,0.514,100,126,0.794,23,135,158,105,55,17,102,145,604,12.1,0.554,0.302,0.257,1.7,10.5,6.0,11.3,1.9,0.9,15.8,19.1,0.8,2.3,3.1,0.098,-1.8,1.0,-0.8,0.5
366,323,Gary Payton*,PG,68,1503,144,366,0.393,32,123,0.26,112,243,0.461,0.437,38,57,0.667,18,114,132,201,43,3,66,117,358,9.0,0.458,0.336,0.156,1.4,8.7,5.2,20.9,1.5,0.2,14.4,14.4,0.1,1.2,1.3,0.042,-3.1,-0.1,-3.2,-0.5
367,324,Kendrick Perkins,C,72,1576,132,269,0.491,0,3,0.0,132,266,0.496,0.491,60,100,0.6,113,259,372,94,23,96,113,214,324,9.5,0.518,0.011,0.372,8.4,20.1,14.1,9.4,0.8,4.7,26.5,12.2,-0.6,1.9,1.4,0.042,-4.1,1.5,-2.6,-0.3
368,325,Morris Peterson,SF,71,1515,222,517,0.429,106,295,0.359,116,222,0.523,0.532,84,123,0.683,32,205,237,47,45,12,53,126,634,13.2,0.555,0.571,0.238,2.5,16.1,9.2,5.0,1.5,0.6,8.5,19.1,1.3,1.6,2.9,0.091,0.2,-0.2,0.1,0.8
369,326,Johan Petro,C,81,1510,226,438,0.516,0,0,,226,438,0.516,0.516,50,77,0.649,92,243,335,45,39,47,82,237,502,11.6,0.532,0.0,0.176,7.2,19.5,13.3,4.8,1.4,2.4,14.8,16.7,0.5,1.2,1.7,0.053,-3.4,-0.3,-3.7,-0.6
372,329,Mickaël Piétrus,SF,72,1937,286,586,0.488,93,240,0.388,193,346,0.558,0.567,136,210,0.648,81,246,327,62,48,55,105,220,801,13.0,0.59,0.41,0.358,4.5,14.2,9.3,4.7,1.2,2.2,13.4,17.2,2.0,1.5,3.6,0.088,-0.8,-0.5,-1.3,0.4
375,332,James Posey,SF,71,1919,186,432,0.431,97,259,0.375,89,173,0.514,0.543,81,98,0.827,66,291,357,94,71,23,55,193,550,12.7,0.579,0.6,0.227,4.2,17.5,11.0,7.7,2.0,0.9,10.4,13.1,2.6,2.6,5.2,0.13,-0.3,1.1,0.9,1.4
383,338,Tayshaun Prince,SF,82,3001,459,997,0.46,81,210,0.386,378,787,0.48,0.501,172,224,0.768,144,285,429,227,51,55,98,116,1171,16.0,0.534,0.211,0.225,5.7,11.3,8.5,12.9,0.9,1.4,8.2,18.9,5.1,2.9,8.0,0.128,2.1,-0.4,1.8,2.9
388,343,Zach Randolph,PF,68,2425,600,1286,0.467,14,48,0.292,586,1238,0.473,0.472,394,481,0.819,199,489,688,147,53,15,215,184,1608,22.8,0.537,0.037,0.374,10.0,25.6,17.6,12.8,1.2,0.5,12.6,33.1,3.8,1.9,5.7,0.112,3.4,-1.8,1.6,2.2
400,353,Luke Ridnour,PG,71,2091,301,695,0.433,49,139,0.353,252,556,0.453,0.468,128,159,0.805,28,136,164,368,83,19,156,181,779,13.7,0.509,0.2,0.229,1.6,7.9,4.7,28.2,2.1,0.7,16.9,20.0,1.4,0.8,2.3,0.052,-0.6,-0.9,-1.5,0.2
408,359,Sergio Rodríguez,PG,67,862,101,239,0.423,24,85,0.282,77,154,0.5,0.473,21,26,0.808,20,71,91,218,35,2,77,72,247,14.1,0.493,0.356,0.109,2.8,10.4,6.6,41.9,2.2,0.2,23.5,17.8,0.5,0.4,0.9,0.05,0.4,-1.5,-1.1,0.2
409,360,Rajon Rondo,PG,78,1831,188,450,0.418,6,29,0.207,182,421,0.432,0.424,119,184,0.647,74,218,292,297,128,8,137,181,501,13.1,0.472,0.064,0.409,4.7,14.6,9.5,26.3,3.6,0.3,20.5,16.5,-0.1,2.6,2.4,0.064,-2.4,2.2,-0.2,0.8
411,362,Malik Rose,PF,65,810,74,186,0.398,2,8,0.25,72,178,0.404,0.403,42,52,0.808,47,128,175,65,26,9,65,120,192,7.7,0.46,0.043,0.28,7.0,18.6,12.8,12.7,1.7,0.9,23.7,15.3,-0.6,0.8,0.1,0.007,-4.5,0.6,-3.9,-0.4
412,363,Quinton Ross,SG,81,1700,177,379,0.467,2,10,0.2,175,369,0.474,0.47,68,87,0.782,60,130,190,86,70,32,33,179,424,10.5,0.508,0.026,0.23,4.3,9.1,6.7,8.1,2.2,1.5,7.3,12.2,1.4,1.8,3.2,0.09,-2.4,1.4,-1.0,0.4
415,366,John Salmons,SG,79,2135,236,517,0.456,40,112,0.357,196,405,0.484,0.495,159,204,0.779,47,217,264,254,73,27,119,177,671,12.7,0.553,0.217,0.395,2.5,12.2,7.3,18.8,1.7,1.0,16.4,15.3,2.0,1.6,3.6,0.081,-0.9,0.4,-0.5,0.8
419,370,Thabo Sefolosha,SG,71,868,109,256,0.426,15,42,0.357,94,214,0.439,0.455,23,45,0.511,35,118,153,60,33,11,60,100,256,8.5,0.464,0.164,0.176,4.6,15.4,10.1,10.7,1.9,1.0,17.9,17.2,-0.8,1.7,0.8,0.047,-4.2,1.6,-2.6,-0.1
424,375,Brian Skinner,PF,67,1523,124,253,0.49,0,0,,124,253,0.49,0.49,46,79,0.582,106,279,385,58,18,64,75,195,294,8.9,0.511,0.0,0.312,8.1,21.8,14.9,5.4,0.6,3.2,20.7,10.8,0.1,1.0,1.1,0.035,-3.5,-0.1,-3.6,-0.6
426,377,Craig Smith,PF,82,1537,246,463,0.531,0,6,0.0,246,457,0.538,0.531,116,186,0.624,149,267,416,49,51,18,74,223,608,15.7,0.558,0.013,0.402,11.9,20.3,16.2,5.4,1.8,0.9,12.0,18.7,2.1,1.7,3.9,0.121,-1.3,-0.5,-1.8,0.1
428,379,Joe Smith,PF,65,1503,214,477,0.449,0,5,0.0,214,472,0.453,0.449,125,148,0.845,120,280,400,49,37,27,76,148,553,13.9,0.51,0.01,0.31,9.6,22.1,15.9,5.4,1.3,1.4,12.3,18.9,1.0,1.8,2.8,0.088,-1.6,-0.7,-2.3,-0.1
431,380,Josh Smith,SF,72,2647,436,993,0.439,38,152,0.25,398,841,0.473,0.458,268,387,0.693,165,456,621,236,101,207,227,241,1178,18.3,0.506,0.153,0.39,7.4,21.0,14.1,16.3,2.0,6.1,16.3,24.1,0.4,4.0,4.4,0.079,0.4,1.7,2.0,2.7
433,382,Eric Snow,PG,82,1929,135,324,0.417,0,4,0.0,135,320,0.422,0.417,72,113,0.637,35,153,188,330,55,16,111,185,342,8.6,0.458,0.012,0.349,2.1,9.5,5.7,25.2,1.5,0.6,22.9,11.4,0.2,2.6,2.8,0.069,-3.8,1.1,-2.6,-0.3
438,387,Jerry Stackhouse,SF,67,1615,280,654,0.428,62,162,0.383,218,492,0.443,0.476,182,215,0.847,39,106,145,187,51,10,117,78,804,16.8,0.537,0.248,0.329,3.0,7.7,5.4,19.7,1.7,0.5,13.5,25.0,2.3,1.8,4.1,0.122,1.8,-0.6,1.2,1.3
439,388,DeShawn Stevenson,SG,82,2419,347,753,0.461,74,183,0.404,273,570,0.479,0.51,152,216,0.704,55,161,216,218,65,19,119,155,920,12.9,0.542,0.243,0.287,2.5,7.9,5.1,14.3,1.4,0.6,12.3,17.6,2.7,0.3,3.1,0.061,0.1,-1.4,-1.3,0.4
443,392,Amar'e Stoudemire,C,82,2689,607,1055,0.575,0,3,0.0,607,1052,0.577,0.575,457,585,0.781,222,564,786,84,78,110,232,295,1671,23.1,0.637,0.003,0.555,10.1,23.3,17.0,5.0,1.5,2.9,15.0,25.8,7.2,4.0,11.2,0.201,1.5,0.3,1.8,2.6
449,398,Sebastian Telfair,PG,78,1578,176,474,0.371,37,128,0.289,139,346,0.402,0.41,90,110,0.818,17,91,108,218,43,11,98,166,479,8.6,0.458,0.27,0.232,1.3,7.1,4.1,22.7,1.4,0.5,15.8,17.8,-0.5,1.0,0.5,0.015,-3.2,-1.0,-4.2,-0.9
450,399,Jason Terry,SG,81,2846,514,1063,0.484,162,370,0.438,352,693,0.508,0.56,160,199,0.804,41,190,231,422,81,17,152,170,1350,18.9,0.587,0.348,0.187,1.8,7.9,4.9,25.5,1.5,0.5,11.7,21.3,7.7,3.1,10.8,0.182,3.9,0.1,4.0,4.3
451,400,Etan Thomas,C,65,1246,159,277,0.574,0,0,,159,277,0.574,0.574,77,138,0.558,136,241,377,29,22,89,71,162,395,15.6,0.585,0.0,0.498,12.2,22.9,17.4,3.6,0.9,5.5,17.4,14.4,1.5,1.2,2.7,0.105,-1.1,-0.1,-1.2,0.3
453,402,Kurt Thomas,C,67,1208,126,259,0.486,0,1,0.0,126,258,0.488,0.486,56,71,0.789,86,293,379,24,24,29,35,156,308,11.4,0.531,0.004,0.274,8.7,26.9,18.3,2.7,1.0,1.7,10.8,12.1,1.2,1.7,2.9,0.115,-2.1,0.4,-1.7,0.1
454,403,Tim Thomas,PF,76,2054,299,723,0.414,136,356,0.382,163,367,0.444,0.508,102,144,0.708,63,315,378,171,55,28,106,228,836,13.6,0.532,0.492,0.199,3.7,18.2,11.0,14.2,1.4,1.1,11.9,20.1,1.6,2.3,3.9,0.092,0.7,0.0,0.7,1.4
455,404,Tyrus Thomas,PF,72,966,134,282,0.475,0,2,0.0,134,280,0.479,0.475,106,175,0.606,89,180,269,40,46,76,94,162,374,14.8,0.521,0.007,0.621,10.6,21.1,15.9,6.6,2.4,6.2,20.8,20.9,-0.4,2.6,2.2,0.11,-4.1,3.1,-1.0,0.2
457,406,Jamaal Tinsley,PG,72,2243,346,889,0.389,61,193,0.316,285,696,0.409,0.424,172,239,0.72,60,180,240,494,117,25,200,190,925,15.2,0.465,0.217,0.269,3.0,9.5,6.2,38.5,2.7,0.8,16.7,23.8,0.2,2.6,2.8,0.06,0.7,0.1,0.8,1.6
462,409,Ronny Turiaf,C,72,1087,147,268,0.549,0,1,0.0,147,267,0.551,0.549,89,134,0.664,88,171,259,63,17,78,52,202,383,15.5,0.586,0.004,0.5,9.6,18.3,13.9,9.1,0.8,5.5,13.7,15.7,1.9,1.1,3.1,0.137,-1.7,1.0,-0.7,0.4
463,410,Hedo Türkoğlu,SF,73,2268,345,823,0.419,109,281,0.388,236,542,0.435,0.485,171,219,0.781,57,236,293,233,70,16,143,221,970,14.2,0.528,0.341,0.266,3.2,12.5,8.0,17.9,1.6,0.6,13.5,21.7,2.3,2.6,4.9,0.105,0.4,0.0,0.4,1.3
464,411,Ime Udoka,SF,75,2144,237,514,0.461,89,219,0.406,148,295,0.502,0.548,66,89,0.742,95,184,279,112,71,17,73,207,629,12.1,0.569,0.426,0.173,5.4,10.9,8.1,8.6,1.8,0.6,11.7,13.7,2.9,1.0,3.9,0.088,0.2,0.1,0.2,1.2
465,412,Beno Udrih,PG,73,948,127,344,0.369,33,115,0.287,94,229,0.41,0.417,53,60,0.883,11,71,82,122,27,1,56,70,340,10.3,0.459,0.334,0.174,1.5,8.7,5.2,20.6,1.5,0.1,13.1,21.3,-0.3,1.4,1.0,0.053,-2.8,-0.3,-3.0,-0.2
466,413,Anderson Varejão,C,81,1932,191,401,0.476,0,9,0.0,191,392,0.487,0.476,165,268,0.616,191,354,545,75,76,52,67,269,547,14.4,0.527,0.022,0.668,11.2,21.8,16.4,6.0,2.1,2.1,11.4,13.7,2.6,4.0,6.6,0.164,-1.8,1.8,0.0,1.0
470,417,Jake Voskuhl,C,73,1043,121,255,0.475,0,0,,121,255,0.475,0.475,77,113,0.681,84,172,256,44,30,24,56,199,319,10.9,0.523,0.0,0.443,9.3,20.1,14.5,6.8,1.5,1.8,15.5,15.7,0.5,1.1,1.7,0.077,-4.0,0.1,-3.9,-0.5
471,418,Sasha Vujačić,SG,73,935,105,268,0.392,60,161,0.373,45,107,0.421,0.504,43,49,0.878,28,79,107,64,41,1,30,103,313,11.7,0.54,0.601,0.183,3.5,9.8,6.7,10.3,2.3,0.1,9.4,15.4,1.2,0.6,1.8,0.091,-0.9,-0.1,-1.0,0.2
475,422,Antoine Walker,PF,78,1818,265,668,0.397,84,305,0.275,181,363,0.499,0.46,46,105,0.438,92,247,339,130,48,17,141,173,660,9.6,0.462,0.457,0.157,6.1,15.7,11.0,12.1,1.4,0.7,16.5,22.3,-2.3,2.0,-0.3,-0.007,-2.5,-1.0,-3.6,-0.7
476,423,Ben Wallace*,C,77,2697,192,424,0.453,1,5,0.2,191,419,0.456,0.454,109,267,0.408,303,518,821,186,111,156,101,153,494,14.6,0.456,0.012,0.63,12.9,21.7,17.4,9.9,2.1,4.6,15.7,10.6,1.6,6.6,8.2,0.146,0.1,3.3,3.4,3.7
477,424,Gerald Wallace,SF,72,2640,478,952,0.502,39,120,0.325,439,832,0.528,0.523,309,447,0.691,142,376,518,185,144,69,160,209,1304,19.8,0.568,0.126,0.47,6.2,17.4,11.6,12.5,2.8,2.0,12.2,22.5,4.2,3.5,7.7,0.141,2.2,1.5,3.7,3.7
478,425,Rasheed Wallace,C,75,2419,357,843,0.423,104,296,0.351,253,547,0.463,0.485,108,137,0.788,90,453,543,127,75,118,94,225,926,15.7,0.513,0.351,0.163,4.4,22.2,13.3,8.9,1.7,3.8,9.4,19.6,1.8,4.4,6.2,0.123,0.4,1.6,2.0,2.5
480,427,Hakim Warrick,PF,82,2152,373,712,0.524,0,8,0.0,373,704,0.53,0.524,299,388,0.771,130,290,420,75,43,30,161,232,1045,15.9,0.592,0.011,0.545,7.2,16.1,11.7,6.0,1.0,1.1,15.4,21.9,3.2,0.5,3.7,0.082,-0.3,-1.7,-2.0,0.0
481,428,Earl Watson,PG,77,2152,263,687,0.383,92,280,0.329,171,407,0.42,0.45,108,147,0.735,34,151,185,437,99,23,167,152,726,13.5,0.483,0.408,0.214,1.9,8.5,5.2,31.4,2.4,0.8,18.2,19.4,0.9,1.1,2.0,0.044,0.2,-0.9,-0.7,0.7
485,430,Martell Webster,SF,82,1759,195,492,0.396,91,250,0.364,104,242,0.43,0.489,93,132,0.705,43,197,240,52,35,19,76,126,574,9.9,0.522,0.508,0.268,3.0,14.2,8.5,4.9,1.1,0.9,12.1,16.7,0.6,0.7,1.3,0.036,-0.7,-1.3,-2.0,0.0
489,434,Delonte West,SG,69,2219,306,717,0.427,65,178,0.365,241,539,0.447,0.472,168,197,0.853,32,176,208,304,74,34,140,152,845,14.0,0.526,0.248,0.275,1.7,9.7,5.6,23.5,1.7,1.2,14.8,19.3,1.9,1.8,3.7,0.081,0.4,0.0,0.4,1.3
491,436,Chris Wilcox,PF,82,2586,433,819,0.529,0,6,0.0,433,813,0.533,0.529,240,351,0.684,178,451,629,82,70,38,127,248,1106,16.6,0.568,0.007,0.429,8.2,21.1,14.6,5.3,1.4,1.1,11.5,19.3,4.1,1.9,6.0,0.112,-0.1,-1.0,-1.1,0.6
492,437,Damien Wilkins,SF,82,2037,262,602,0.435,50,122,0.41,212,480,0.442,0.477,150,170,0.882,87,142,229,156,92,16,116,157,724,13.1,0.535,0.203,0.282,5.1,8.4,6.7,12.0,2.4,0.6,14.6,17.7,1.8,1.0,2.8,0.066,-0.7,-0.2,-0.9,0.6
496,441,Deron Williams,PG,80,2950,494,1083,0.456,82,255,0.322,412,828,0.498,0.494,227,296,0.767,41,226,267,745,78,13,246,254,1297,17.1,0.535,0.235,0.273,1.7,9.3,5.5,41.6,1.4,0.4,16.9,22.2,5.3,1.9,7.2,0.117,2.6,-1.3,1.3,2.4
503,446,Marcus Williams,PG,79,1315,208,526,0.395,46,163,0.282,162,363,0.446,0.439,72,85,0.847,29,134,163,260,29,2,142,96,534,11.5,0.474,0.31,0.162,2.6,11.9,7.3,34.4,1.2,0.1,20.1,25.0,-1.1,1.0,-0.1,-0.004,-1.7,-2.0,-3.7,-0.6
505,448,Mo Williams,PG,68,2472,468,1049,0.446,79,228,0.346,389,821,0.474,0.484,159,186,0.855,54,275,329,416,85,6,203,201,1174,16.3,0.519,0.217,0.177,2.5,13.3,7.8,28.2,1.8,0.2,15.2,24.4,2.2,0.9,3.2,0.061,0.9,-1.3,-0.5,0.9
508,451,Shelden Williams,PF,81,1514,166,365,0.455,2,4,0.5,164,361,0.454,0.458,110,144,0.764,131,304,435,44,52,39,96,199,444,12.3,0.518,0.011,0.395,10.3,24.5,17.3,4.8,1.8,2.0,18.3,15.9,0.3,1.9,2.2,0.07,-2.9,-0.4,-3.3,-0.5
509,452,Corliss Williamson,PF,68,1337,236,463,0.51,0,2,0.0,236,461,0.512,0.51,148,207,0.715,63,158,221,39,29,15,97,183,620,12.7,0.559,0.004,0.447,5.4,14.2,9.7,5.2,1.1,0.9,14.9,21.9,0.6,0.9,1.5,0.054,-2.8,-1.3,-4.1,-0.7
511,454,Metta World Peace,SF,70,2641,458,1040,0.44,93,260,0.358,365,780,0.468,0.485,307,415,0.74,102,352,454,235,149,43,146,205,1316,18.5,0.538,0.25,0.399,4.4,16.0,10.1,15.6,2.9,1.3,10.7,23.3,3.6,3.1,6.7,0.122,1.9,0.9,2.8,3.2
514,457,Dorell Wright,SF,66,1292,162,364,0.445,5,34,0.147,157,330,0.476,0.452,64,86,0.744,40,232,272,95,41,46,65,112,393,12.7,0.489,0.093,0.236,3.7,20.7,12.4,12.1,1.7,2.8,13.9,17.1,-0.1,2.0,1.9,0.072,-1.9,1.5,-0.4,0.5
515,458,Lorenzen Wright,C,67,1035,82,183,0.448,0,0,,82,183,0.448,0.448,9,32,0.281,85,131,216,40,28,28,39,204,173,6.6,0.439,0.0,0.175,9.8,15.4,12.6,6.1,1.4,2.1,16.5,10.5,-0.2,0.9,0.7,0.033,-5.4,0.3,-5.1,-0.8
