,Rk,Player,Pos,G,MP,FG,FGA,FG%,3P,3PA,3P%,2P,2PA,2P%,eFG%,FT,FTA,FT%,ORB,DRB,TRB,AST,STL,BLK,TOV,PF,PTS,PER,TS%,3PAr,FTr,ORB%,DRB%,TRB%,AST%,STL%,BLK%,TOV%,USG%,OWS,DWS,WS,WS/48,OBPM,DBPM,BPM,VORP
16,11,Kyle Anderson,PF,69,1887,308,658,0.468,94,261,0.36,214,397,0.539,0.54,144,184,0.783,52,344,396,250,84,57,86,120,854,17.2,0.578,0.397,0.28,2.9,19.5,11.1,18.3,2.1,2.7,10.4,18.5,2.9,2.7,5.6,0.143,1.4,1.9,3.3,2.5
20,15,Carmelo Anthony,PF,69,1690,327,777,0.421,133,325,0.409,194,452,0.429,0.506,137,154,0.89,32,182,214,104,46,38,61,144,924,14.6,0.547,0.418,0.198,2.0,11.8,6.8,9.2,1.3,2.0,6.7,23.1,1.7,0.8,2.6,0.073,0.2,-1.3,-1.1,0.4
29,22,Deandre Ayton,C,69,2115,430,687,0.626,4,20,0.2,426,667,0.639,0.629,133,173,0.769,228,499,727,99,41,81,103,196,997,20.3,0.653,0.029,0.252,12.4,26.3,19.5,6.8,1.0,3.4,11.9,18.2,5.3,3.1,8.4,0.191,1.1,0.1,1.2,1.7
31,24,Dwayne Bacon,SG,72,1853,292,726,0.402,59,207,0.285,233,519,0.449,0.443,145,176,0.824,31,193,224,93,45,5,46,103,788,9.9,0.49,0.285,0.242,1.7,11.2,6.3,7.9,1.2,0.2,5.4,19.8,-0.3,0.9,0.5,0.013,-3.7,-1.4,-5.1,-1.5
36,29,Desmond Bane,SG,68,1519,234,499,0.469,117,271,0.432,117,228,0.513,0.586,40,49,0.816,31,179,210,118,41,16,59,125,625,12.2,0.6,0.543,0.098,2.1,12.6,7.3,10.6,1.3,0.9,10.2,16.1,1.6,1.3,2.9,0.093,-0.6,-0.2,-0.8,0.5
38,31,RJ Barrett,SG,72,2511,467,1060,0.441,124,309,0.401,343,751,0.457,0.499,206,276,0.746,68,346,414,217,53,20,139,188,1264,13.4,0.535,0.292,0.26,3.0,14.8,8.9,13.8,1.1,0.8,10.5,23.4,0.9,3.1,4.1,0.078,-0.9,-0.3,-1.2,0.5
41,34,Nicolas Batum,SF,67,1835,191,412,0.464,110,272,0.404,81,140,0.579,0.597,48,58,0.828,50,266,316,148,69,37,53,102,540,12.9,0.617,0.66,0.141,3.2,15.9,9.7,10.5,1.9,1.8,10.8,11.8,2.7,2.3,5.0,0.132,0.6,1.5,2.1,1.9
43,36,Kent Bazemore,SF,67,1333,176,392,0.449,75,184,0.408,101,208,0.486,0.545,54,78,0.692,26,203,229,108,69,33,82,158,481,10.6,0.564,0.469,0.199,2.1,16.0,9.1,11.1,2.4,2.2,16.1,16.3,-0.2,2.1,1.8,0.065,-2.9,1.7,-1.2,0.2
53,44,Saddiq Bey,SF,70,1909,279,691,0.404,175,460,0.38,104,231,0.45,0.53,124,147,0.844,43,275,318,95,52,14,60,110,857,12.6,0.567,0.666,0.213,2.5,16.2,9.3,7.6,1.3,0.6,7.4,18.7,1.6,1.7,3.3,0.082,0.3,-0.8,-0.5,0.7
55,46,Khem Birch,C,67,1529,189,380,0.497,13,52,0.25,176,328,0.537,0.514,91,129,0.705,174,213,387,89,48,50,44,113,482,15.1,0.552,0.137,0.339,11.6,15.3,13.4,8.5,1.5,3.1,9.2,13.6,2.3,1.4,3.8,0.118,-1.0,0.1,-1.0,0.4
59,48,Bismack Biyombo,C,66,1349,142,242,0.587,0,1,0.0,142,241,0.589,0.587,47,105,0.448,137,210,347,81,17,74,71,141,331,11.7,0.574,0.004,0.434,10.8,17.1,13.9,8.3,0.6,5.4,19.8,11.5,0.9,1.4,2.3,0.081,-3.4,0.4,-3.0,-0.4
63,50,Eric Bledsoe,SG,71,2111,307,730,0.421,121,355,0.341,186,375,0.496,0.503,134,195,0.687,29,215,244,268,55,24,114,112,869,11.5,0.533,0.486,0.267,1.5,11.1,6.3,17.3,1.2,1.1,12.3,18.5,1.1,1.3,2.3,0.053,-1.2,-0.9,-2.0,0.0
66,53,Bojan Bogdanović,SF,72,2216,406,925,0.439,180,461,0.39,226,464,0.487,0.536,233,265,0.879,40,241,281,136,45,4,128,115,1225,14.0,0.588,0.498,0.286,2.0,11.1,6.7,9.1,1.0,0.1,10.9,22.8,2.7,2.5,5.2,0.113,0.2,-0.7,-0.4,0.9
71,58,Devin Booker,SG,67,2270,623,1287,0.484,126,371,0.34,497,916,0.543,0.533,340,392,0.867,34,247,281,289,53,16,207,181,1712,19.2,0.587,0.288,0.305,1.7,12.1,7.0,20.6,1.2,0.6,12.4,32.7,2.9,2.0,4.9,0.104,1.7,-1.4,0.3,1.3
85,65,Mikal Bridges,SF,72,2348,363,669,0.543,134,315,0.425,229,354,0.647,0.643,110,131,0.84,76,233,309,152,76,63,57,116,970,16.4,0.667,0.471,0.196,3.7,11.1,7.5,8.8,1.6,2.4,7.3,14.9,5.4,2.6,8.0,0.164,2.4,0.9,3.3,3.1
86,66,Miles Bridges,PF,66,1932,313,622,0.503,116,290,0.4,197,332,0.593,0.596,98,113,0.867,81,316,397,147,44,52,106,143,840,14.7,0.625,0.466,0.182,4.5,18.0,11.1,11.4,1.1,2.7,13.6,17.3,2.4,1.9,4.2,0.105,0.2,0.1,0.2,1.1
91,71,Dillon Brooks,SF,67,1997,432,1031,0.419,128,372,0.344,304,659,0.461,0.481,159,195,0.815,53,143,196,157,78,26,119,237,1151,12.1,0.515,0.361,0.189,2.8,7.7,5.2,11.7,1.9,1.2,9.6,26.1,-0.5,1.8,1.4,0.033,-2.6,-1.1,-3.7,-0.9
92,72,Bruce Brown,PG,65,1451,235,423,0.556,17,59,0.288,218,364,0.599,0.576,86,117,0.735,111,238,349,104,58,28,54,145,573,16.1,0.604,0.139,0.277,8.9,17.2,13.3,9.8,1.9,1.7,10.2,15.9,2.8,1.5,4.4,0.144,-0.4,0.2,-0.1,0.7
100,78,Jalen Brunson,PG,68,1697,328,627,0.523,81,200,0.405,247,427,0.578,0.588,120,151,0.795,27,204,231,239,35,1,80,109,857,17.1,0.618,0.319,0.241,1.8,13.1,7.5,21.3,1.0,0.1,10.3,20.2,3.9,1.1,5.1,0.143,1.5,-0.6,0.9,1.2
103,81,Reggie Bullock,SF,65,1949,248,561,0.442,163,398,0.41,85,163,0.521,0.587,50,55,0.909,16,207,223,99,52,11,45,146,709,11.1,0.606,0.709,0.098,0.9,11.4,6.2,7.4,1.3,0.5,7.1,14.4,2.3,2.3,4.6,0.114,-0.9,0.8,-0.1,0.9
109,87,Kentavious Caldwell-Pope,SG,67,1902,218,506,0.431,120,293,0.41,98,213,0.46,0.549,97,112,0.866,27,152,179,127,62,26,66,114,653,10.7,0.588,0.579,0.221,1.6,8.9,5.3,9.2,1.6,1.2,10.6,14.2,1.6,2.6,4.2,0.107,-1.6,1.0,-0.5,0.7
110,88,Facundo Campazzo,PG,65,1425,120,315,0.381,76,216,0.352,44,99,0.444,0.502,80,91,0.879,22,112,134,232,79,14,73,132,396,11.6,0.558,0.686,0.289,1.8,8.9,5.3,20.2,2.7,1.0,17.1,13.1,1.6,1.5,3.1,0.105,-1.7,1.2,-0.6,0.5
129,102,Jordan Clarkson,SG,68,1818,457,1075,0.425,208,599,0.347,249,476,0.523,0.522,129,144,0.896,47,227,274,168,61,10,115,110,1251,17.1,0.549,0.557,0.134,2.9,12.7,8.0,15.3,1.6,0.4,9.2,29.7,1.7,2.5,4.2,0.111,1.8,-0.4,1.4,1.6
134,107,Pat Connaughton,SG,69,1575,168,387,0.434,101,272,0.371,67,115,0.583,0.565,31,40,0.775,63,269,332,81,49,23,33,99,468,11.3,0.578,0.703,0.103,4.4,17.3,11.1,6.3,1.5,1.3,7.5,11.6,1.8,1.7,3.5,0.108,-0.5,0.5,0.0,0.8
144,111,Robert Covington,PF,70,2243,204,509,0.401,135,356,0.379,69,153,0.451,0.533,50,62,0.806,61,405,466,117,101,84,64,195,593,11.2,0.553,0.699,0.122,2.8,19.8,11.1,6.8,2.2,3.4,10.7,11.5,1.4,2.4,3.7,0.08,-1.3,1.5,0.2,1.2
170,129,Donte DiVincenzo,SG,66,1814,253,603,0.42,131,346,0.379,122,257,0.475,0.528,51,71,0.718,81,299,380,203,72,15,91,112,688,13.0,0.542,0.574,0.118,4.9,16.7,11.0,14.2,1.9,0.7,12.5,16.7,1.5,2.1,3.6,0.095,-0.2,0.4,0.2,1.0
171,130,Luka Dončić,PG,66,2262,647,1351,0.479,192,548,0.35,455,803,0.567,0.55,344,471,0.73,54,473,527,567,64,36,281,152,1830,25.3,0.587,0.406,0.349,2.7,22.9,12.8,44.1,1.4,1.5,15.3,36.0,5.1,2.6,7.7,0.163,6.1,0.7,6.8,5.1
184,141,Anthony Edwards,SG,72,2314,505,1211,0.417,171,520,0.329,334,691,0.483,0.488,211,272,0.776,59,277,336,211,82,36,160,129,1392,13.9,0.523,0.429,0.225,2.7,13.5,7.9,14.6,1.7,1.3,10.7,27.0,-0.6,1.4,0.8,0.017,-0.4,-1.7,-2.1,-0.1
194,151,Derrick Favors,C,68,1039,155,243,0.638,0,2,0.0,155,241,0.643,0.638,59,80,0.738,138,238,376,44,32,68,36,143,369,19.7,0.663,0.008,0.329,14.7,23.3,19.2,6.0,1.5,5.3,11.5,13.0,2.9,2.2,5.1,0.237,0.3,2.4,2.6,1.2
204,159,Bryn Forbes,SG,70,1354,250,529,0.473,154,341,0.452,96,188,0.511,0.618,47,61,0.77,11,101,112,45,24,1,44,77,701,12.8,0.631,0.645,0.115,0.9,7.6,4.3,4.5,0.8,0.1,7.3,18.5,2.0,0.7,2.7,0.096,0.4,-1.7,-1.3,0.2
212,165,Enes Freedom,C,72,1758,339,561,0.604,1,4,0.25,338,557,0.607,0.605,127,164,0.774,284,511,795,84,33,48,78,168,806,22.4,0.636,0.007,0.292,16.8,31.9,24.2,7.2,0.9,2.4,11.0,17.4,5.7,1.7,7.5,0.204,2.1,-1.4,0.6,1.2
229,180,Rudy Gobert,C,71,2187,391,579,0.675,0,4,0.0,391,575,0.68,0.675,233,374,0.623,240,720,960,89,40,190,118,163,1015,23.5,0.683,0.007,0.646,12.2,33.5,23.3,6.0,0.9,7.0,13.7,17.0,6.1,5.2,11.3,0.248,2.1,2.8,4.9,3.8
237,186,Danny Green,SF,69,1934,224,544,0.412,175,432,0.405,49,112,0.438,0.573,31,40,0.775,55,205,260,118,92,56,67,125,654,12.1,0.582,0.794,0.074,3.2,11.5,7.4,8.3,2.3,2.6,10.7,14.0,1.6,3.1,4.6,0.115,0.4,1.5,1.9,1.9
243,190,Jeff Green,PF,68,1835,261,530,0.492,103,250,0.412,158,280,0.564,0.59,125,161,0.776,34,229,263,108,36,27,54,122,750,13.0,0.624,0.472,0.304,2.2,13.1,7.9,7.8,0.9,1.3,8.2,15.6,2.9,1.2,4.1,0.107,0.0,-0.9,-0.8,0.5
257,200,Tim Hardaway Jr.,SG,70,1985,407,911,0.447,207,529,0.391,200,382,0.524,0.56,142,174,0.816,20,209,229,126,31,11,64,111,1163,15.7,0.589,0.581,0.191,1.1,11.5,6.4,9.8,0.8,0.5,6.1,23.4,3.2,1.2,4.3,0.105,2.0,-1.7,0.4,1.2
265,204,Montrezl Harrell,C,69,1580,375,603,0.622,0,10,0.0,375,593,0.632,0.622,181,256,0.707,158,270,428,73,46,49,74,128,931,22.7,0.65,0.017,0.425,11.3,19.1,15.2,7.7,1.4,2.8,9.4,21.7,4.5,2.7,7.3,0.221,2.3,0.7,3.0,2.0
270,207,Joe Harris,SF,69,2141,357,707,0.505,211,444,0.475,146,263,0.555,0.654,49,63,0.778,43,205,248,130,46,14,62,141,974,14.1,0.663,0.628,0.089,2.3,10.1,6.4,8.4,1.0,0.6,7.8,16.2,4.1,1.1,5.2,0.117,1.6,-1.2,0.4,1.3
286,219,Buddy Hield,SG,71,2433,403,992,0.406,282,721,0.391,121,271,0.446,0.548,88,104,0.846,29,305,334,257,63,30,130,175,1176,12.8,0.567,0.727,0.105,1.3,14.1,7.6,14.7,1.2,1.0,11.1,20.7,1.5,0.7,2.2,0.044,1.0,-1.6,-0.6,0.9
290,221,Solomon Hill,PF,71,1513,107,298,0.359,68,212,0.321,39,86,0.453,0.473,35,46,0.761,42,172,214,75,50,11,42,116,317,6.7,0.498,0.711,0.154,3.1,12.2,7.7,6.4,1.6,0.6,11.7,10.4,0.1,1.2,1.3,0.04,-3.0,0.5,-2.5,-0.2
293,224,Aaron Holiday,PG,66,1176,170,436,0.39,67,182,0.368,103,254,0.406,0.467,68,83,0.819,15,74,89,123,46,13,66,94,475,9.2,0.503,0.417,0.19,1.4,6.8,4.1,14.0,1.8,0.9,12.3,19.5,-0.6,0.8,0.2,0.009,-3.3,-0.9,-4.2,-0.7
295,226,Justin Holiday,SG,72,2183,258,625,0.413,173,453,0.382,85,172,0.494,0.551,67,85,0.788,32,224,256,119,74,41,54,135,756,10.4,0.571,0.725,0.136,1.6,11.1,6.4,7.0,1.6,1.5,7.5,14.0,1.4,1.8,3.1,0.069,-0.9,-0.1,-1.0,0.6
302,231,Talen Horton-Tucker,SG,65,1304,224,489,0.458,37,131,0.282,187,358,0.522,0.496,100,129,0.775,25,144,169,181,63,21,105,127,585,12.9,0.536,0.268,0.264,2.2,12.3,7.3,20.8,2.4,1.4,16.1,21.7,-0.1,2.2,2.1,0.078,-2.6,1.5,-1.2,0.3
304,233,Dwight Howard,C,69,1196,178,303,0.587,5,20,0.25,173,283,0.611,0.596,121,210,0.576,190,390,580,61,30,62,112,200,482,17.8,0.61,0.066,0.693,17.8,35.3,26.7,7.2,1.2,4.7,22.1,18.2,1.3,2.6,4.0,0.159,-2.1,0.6,-1.5,0.1
306,235,Kevin Huerter,SG,69,2126,316,731,0.432,140,386,0.363,176,345,0.51,0.528,50,64,0.781,38,193,231,241,82,18,79,165,822,12.2,0.541,0.528,0.088,2.0,9.7,6.0,16.3,1.9,0.7,9.4,17.2,1.9,1.7,3.6,0.08,-0.6,0.4,-0.3,1.0
315,242,Joe Ingles,SF,67,1867,275,562,0.489,183,406,0.451,92,156,0.59,0.652,76,90,0.844,27,217,244,318,45,12,117,120,809,15.9,0.672,0.722,0.16,1.6,11.8,6.9,24.0,1.2,0.5,16.3,16.6,4.7,2.3,7.0,0.18,2.6,0.9,3.5,2.6
327,250,Reggie Jackson,SG,67,1544,263,585,0.45,122,282,0.433,141,303,0.465,0.554,67,82,0.817,24,168,192,205,41,7,74,127,715,14.2,0.576,0.482,0.14,1.8,11.9,7.0,19.0,1.3,0.4,10.6,19.9,2.3,1.4,3.7,0.115,0.6,-0.2,0.4,0.9
341,260,Keldon Johnson,SF,69,1968,338,705,0.479,60,181,0.331,278,524,0.531,0.522,145,196,0.74,93,319,412,121,40,24,78,142,881,13.8,0.557,0.257,0.278,4.9,17.6,11.1,8.9,1.0,1.0,9.0,19.2,1.6,1.7,3.3,0.079,-0.9,-0.7,-1.6,0.2
344,263,Nikola Jokić,C,72,2488,732,1293,0.566,92,237,0.388,640,1056,0.606,0.602,342,394,0.868,205,575,780,599,95,48,222,192,1898,31.3,0.647,0.183,0.305,9.4,26.1,17.8,40.4,1.9,1.9,13.1,29.6,12.2,3.4,15.6,0.301,9.1,3.0,12.1,8.8
354,268,Tyus Jones,PG,70,1222,178,413,0.431,45,140,0.321,133,273,0.487,0.485,41,45,0.911,21,119,140,259,64,6,48,31,442,15.0,0.511,0.339,0.109,1.8,10.4,6.1,28.6,2.5,0.4,10.0,16.6,1.5,1.3,2.8,0.11,-0.1,0.9,0.8,0.9
377,282,Kyle Kuzma,SF,68,1954,335,757,0.443,137,380,0.361,198,377,0.525,0.533,67,97,0.691,108,309,417,127,35,41,113,121,874,12.7,0.546,0.502,0.128,6.3,17.7,12.0,9.8,0.9,1.9,12.4,20.3,0.4,2.9,3.3,0.08,-0.4,-0.1,-0.4,0.8
396,297,Damian Lillard,PG,67,2398,602,1334,0.451,275,704,0.391,327,630,0.519,0.554,449,484,0.928,32,251,283,505,62,17,203,102,1928,25.6,0.623,0.528,0.363,1.4,11.5,6.3,34.6,1.3,0.6,11.6,31.4,9.6,0.8,10.4,0.209,7.5,-1.3,6.3,5.0
399,300,Brook Lopez,C,70,1902,322,640,0.503,95,281,0.338,227,359,0.632,0.577,120,142,0.845,104,243,347,50,40,103,64,149,859,15.4,0.611,0.439,0.222,6.0,13.0,9.6,3.5,1.0,4.8,8.3,16.9,3.1,2.2,5.3,0.133,0.0,0.0,0.0,0.9
400,301,Robin Lopez,C,71,1354,269,425,0.633,5,18,0.278,264,407,0.649,0.639,99,137,0.723,141,131,272,55,15,44,75,109,642,16.7,0.661,0.042,0.322,11.1,10.2,10.6,5.9,0.5,2.7,13.4,17.1,2.8,0.9,3.7,0.131,0.2,-1.2,-1.0,0.4
408,309,Théo Maledon,PG,65,1778,226,614,0.368,105,313,0.335,121,301,0.402,0.454,101,135,0.748,25,186,211,227,56,11,141,126,658,8.2,0.489,0.51,0.22,1.4,11.0,6.2,18.8,1.5,0.5,17.3,19.4,-1.9,1.1,-0.8,-0.021,-4.0,-1.0,-5.0,-1.3
410,311,Terance Mann,SG,67,1263,178,350,0.509,38,91,0.418,140,259,0.541,0.563,78,94,0.83,56,186,242,104,29,13,40,126,472,13.8,0.603,0.26,0.269,5.1,16.1,10.8,11.3,1.1,0.9,9.3,15.1,2.4,1.3,3.7,0.141,-0.5,0.3,-0.2,0.6
428,329,T.J. McConnell,PG,69,1796,274,490,0.559,15,48,0.313,259,442,0.586,0.574,33,48,0.688,55,201,256,456,128,23,135,113,596,16.9,0.583,0.098,0.098,3.3,12.1,7.7,34.3,3.4,1.0,20.9,15.3,2.6,2.2,4.8,0.128,-0.2,1.7,1.4,1.5
431,332,Doug McDermott,PF,66,1619,354,665,0.532,111,286,0.388,243,379,0.641,0.616,80,98,0.816,60,161,221,85,20,6,53,117,899,15.6,0.635,0.43,0.147,4.0,10.7,7.4,7.8,0.6,0.3,7.0,20.0,3.1,0.7,3.8,0.112,1.4,-2.0,-0.6,0.6
448,343,Khris Middleton,SF,68,2269,511,1074,0.476,151,365,0.414,360,709,0.508,0.546,212,236,0.898,54,352,406,370,74,9,178,160,1385,18.2,0.588,0.34,0.22,2.6,15.7,9.4,23.2,1.5,0.4,13.1,25.0,4.1,2.2,6.4,0.135,1.7,-0.3,1.3,1.9
450,345,Patty Mills,PG,68,1685,252,611,0.412,161,429,0.375,91,182,0.5,0.544,71,78,0.91,18,98,116,162,42,3,66,81,736,11.8,0.57,0.702,0.128,1.1,6.3,3.7,13.5,1.2,0.2,9.3,18.4,1.3,0.8,2.2,0.062,0.0,-1.2,-1.2,0.4
463,358,Dejounte Murray,PG,67,2139,441,974,0.453,63,199,0.317,378,775,0.488,0.485,106,134,0.791,58,415,473,363,101,7,117,135,1051,16.5,0.509,0.204,0.138,2.8,21.1,11.8,25.9,2.3,0.3,10.2,23.4,0.7,2.6,3.3,0.074,-0.2,1.0,0.8,1.5
466,361,Svi Mykhailiuk,SF,66,1324,208,506,0.411,105,314,0.334,103,192,0.536,0.515,38,50,0.76,24,139,163,110,51,12,88,63,559,10.4,0.529,0.621,0.099,1.9,11.4,6.6,12.9,1.9,0.8,14.3,20.0,-0.8,1.1,0.3,0.01,-1.9,-0.7,-2.6,-0.2
473,366,Georges Niang,PF,72,1154,177,405,0.437,124,292,0.425,53,113,0.469,0.59,22,23,0.957,28,148,176,59,25,8,51,116,500,11.4,0.602,0.721,0.057,2.7,13.0,8.1,7.3,1.1,0.6,10.9,17.4,1.2,1.4,2.6,0.108,-0.4,0.1,-0.3,0.5
483,376,Royce O'Neale,SF,71,2241,175,394,0.444,107,278,0.385,68,116,0.586,0.58,39,46,0.848,88,397,485,181,57,32,83,182,496,9.9,0.599,0.706,0.117,4.4,18.0,11.5,10.4,1.2,1.2,16.7,9.6,2.3,3.3,5.6,0.121,-1.2,2.1,1.0,1.7
489,382,Isaac Okoro,SG,67,2173,235,559,0.42,62,214,0.29,173,345,0.501,0.476,114,157,0.726,68,138,206,128,62,24,86,185,646,7.9,0.514,0.383,0.281,3.4,7.3,5.3,8.6,1.4,1.0,12.0,14.3,-0.1,1.0,0.9,0.02,-4.2,-0.9,-5.1,-1.7
496,386,Kelly Olynyk,C-PF,70,1997,337,697,0.484,126,368,0.342,211,329,0.641,0.574,145,175,0.829,87,402,489,203,79,42,126,207,945,16.4,0.61,0.528,0.251,4.8,22.5,13.6,16.0,1.9,2.1,14.0,19.7,2.5,2.6,5.1,0.121,0.3,0.9,1.2,1.6
510,396,Chris Paul,PG,70,2199,439,879,0.499,102,258,0.395,337,621,0.543,0.557,169,181,0.934,25,287,312,622,99,19,156,166,1149,21.4,0.599,0.294,0.206,1.3,14.5,8.0,40.9,2.2,0.8,14.0,22.6,6.5,2.7,9.2,0.201,3.5,1.1,4.6,3.6
521,404,Jakob Poeltl,C,69,1845,265,430,0.616,0,0,,265,430,0.616,0.616,63,124,0.508,219,328,547,134,47,123,83,172,593,17.5,0.612,0.0,0.288,12.4,19.3,15.8,10.1,1.2,5.7,14.6,13.4,3.2,2.5,5.7,0.148,-0.5,1.2,0.8,1.3
531,412,Bobby Portis,C,66,1372,313,598,0.523,74,157,0.471,239,441,0.542,0.585,54,73,0.74,124,342,466,71,52,26,56,115,754,19.9,0.598,0.263,0.122,9.9,25.3,17.9,7.4,1.8,1.7,8.2,20.9,2.8,2.0,4.8,0.167,1.8,-0.4,1.5,1.2
534,415,Norman Powell,SG-SF,69,2205,438,918,0.477,171,416,0.411,267,502,0.532,0.57,236,271,0.871,42,173,215,129,82,18,119,160,1283,16.2,0.618,0.453,0.295,2.0,8.8,5.3,9.2,1.8,0.8,10.3,22.6,3.4,1.3,4.7,0.103,1.1,-0.7,0.4,1.3
540,417,Payton Pritchard,SG,66,1268,184,418,0.44,102,248,0.411,82,170,0.482,0.562,40,45,0.889,33,125,158,120,37,9,53,104,510,12.4,0.582,0.593,0.108,2.9,11.1,6.9,13.3,1.4,0.7,10.8,16.7,1.6,0.9,2.5,0.095,-0.3,-0.4,-0.7,0.4
544,421,Julius Randle,PF,71,2667,602,1321,0.456,160,389,0.411,442,932,0.474,0.516,348,429,0.811,84,639,723,427,64,18,241,225,1712,19.7,0.567,0.294,0.325,3.5,25.7,14.7,27.2,1.2,0.6,13.8,29.3,3.4,4.3,7.8,0.14,2.9,0.9,3.8,3.9
550,425,Naz Reid,C,70,1347,304,581,0.523,61,174,0.351,243,407,0.597,0.576,115,166,0.693,82,240,322,72,34,76,69,179,784,18.2,0.599,0.299,0.286,6.4,20.0,12.9,8.7,1.2,4.9,9.5,22.5,1.9,1.3,3.2,0.113,-0.1,-0.2,-0.2,0.6
561,432,Duncan Robinson,SF,72,2262,315,717,0.439,250,613,0.408,65,104,0.625,0.614,62,75,0.827,7,243,250,127,43,20,81,181,942,11.0,0.628,0.855,0.105,0.4,12.1,6.3,8.3,0.9,0.9,9.7,16.6,1.9,1.8,3.7,0.079,-0.2,-0.8,-1.0,0.6
574,441,Terry Rozier,SG,69,2383,510,1134,0.45,222,571,0.389,288,563,0.512,0.548,165,202,0.817,47,255,302,293,87,26,128,119,1407,17.1,0.575,0.504,0.178,2.1,11.8,6.9,20.0,1.8,1.1,9.5,24.4,3.3,2.0,5.2,0.105,2.2,-0.5,1.6,2.2
575,442,Ricky Rubio,PG,68,1772,193,498,0.388,66,214,0.308,127,284,0.447,0.454,130,150,0.867,28,195,223,433,98,4,111,139,582,13.5,0.516,0.43,0.301,1.6,12.4,6.8,33.3,2.6,0.2,16.4,16.0,1.9,1.3,3.1,0.085,-1.9,0.0,-1.9,0.0
606,469,Isaiah Stewart,C,68,1455,226,409,0.553,21,63,0.333,205,346,0.592,0.578,64,92,0.696,159,294,453,59,39,86,67,184,537,16.4,0.597,0.154,0.225,12.0,22.7,17.3,6.3,1.3,5.2,13.0,15.5,1.9,2.1,4.0,0.132,-1.6,0.5,-1.1,0.3
609,472,Jae'Sean Tate,SF,70,2043,316,625,0.506,60,195,0.308,256,430,0.595,0.554,102,147,0.694,132,242,374,178,85,36,98,222,794,13.8,0.576,0.312,0.235,6.6,13.2,9.8,13.2,2.0,1.6,12.4,16.4,2.2,1.6,3.8,0.088,-1.6,0.3,-1.4,0.3
616,477,Daniel Theis,C,65,1601,252,466,0.541,49,152,0.322,203,314,0.646,0.593,74,110,0.673,93,263,356,108,41,57,66,167,627,15.0,0.609,0.326,0.236,6.5,18.3,12.4,9.5,1.2,3.3,11.4,15.6,2.4,1.8,4.3,0.128,-0.7,0.7,0.0,0.8
631,484,Matisse Thybulle,SG,65,1298,102,243,0.42,43,143,0.301,59,100,0.59,0.508,8,18,0.444,30,94,124,63,105,71,32,127,255,10.1,0.508,0.588,0.074,2.6,7.8,5.3,6.3,3.9,4.9,11.3,9.4,0.1,2.7,2.8,0.102,-2.6,4.5,1.9,1.3
655,504,Nikola Vučević,C,70,2348,666,1396,0.477,176,440,0.4,490,956,0.513,0.54,131,156,0.84,146,671,817,269,65,48,126,137,1639,22.9,0.56,0.315,0.112,6.5,30.9,18.5,21.3,1.3,1.8,7.9,29.3,3.3,3.0,6.3,0.129,4.9,0.4,5.3,4.4
675,517,Russell Westbrook,PG,65,2369,544,1238,0.439,86,273,0.315,458,965,0.475,0.474,271,413,0.656,109,641,750,763,89,23,312,190,1445,19.5,0.509,0.221,0.334,4.9,28.6,16.8,48.6,1.7,0.8,18.0,30.2,0.5,3.2,3.7,0.075,2.6,1.1,3.7,3.4
676,518,Coby White,PG,69,2156,375,902,0.416,163,454,0.359,212,448,0.473,0.506,128,142,0.901,28,256,284,328,38,15,156,179,1041,12.0,0.54,0.503,0.157,1.5,13.0,7.3,21.8,0.9,0.6,13.9,22.5,0.7,1.7,2.4,0.052,-1.2,-1.2,-2.4,-0.2
680,522,Andrew Wiggins,PF,71,2364,505,1058,0.477,140,368,0.38,365,690,0.529,0.543,170,238,0.714,82,265,347,167,67,70,126,159,1320,15.0,0.568,0.348,0.225,3.7,11.8,7.8,10.9,1.3,2.6,9.8,23.3,1.2,2.7,3.9,0.08,0.0,-0.4,-0.4,1.0
682,524,Kenrich Williams,PF,66,1426,219,411,0.533,52,117,0.444,167,294,0.568,0.596,36,63,0.571,84,189,273,152,55,17,76,143,526,14.0,0.599,0.285,0.153,6.1,14.0,10.0,16.4,1.8,1.1,14.8,15.3,1.6,1.2,2.8,0.096,-1.2,0.5,-0.7,0.4
683,525,Lou Williams,PG,66,1423,265,646,0.41,69,173,0.399,196,473,0.414,0.464,150,173,0.867,21,117,138,225,47,6,108,62,749,14.0,0.519,0.268,0.268,1.7,8.9,5.4,23.4,1.6,0.4,13.0,25.7,0.5,1.2,1.7,0.056,-1.0,-1.5,-2.5,-0.2
686,526,Patrick Williams,PF,71,1983,255,528,0.483,54,138,0.391,201,390,0.515,0.534,91,125,0.728,66,261,327,99,64,46,98,126,655,10.5,0.562,0.261,0.237,3.7,14.4,9.1,6.7,1.6,2.0,14.4,14.9,0.3,2.2,2.5,0.06,-2.8,0.4,-2.4,-0.2
701,537,Thaddeus Young,PF,68,1652,370,662,0.559,12,45,0.267,358,617,0.58,0.568,71,113,0.628,168,255,423,291,74,40,137,152,823,20.3,0.578,0.068,0.171,11.4,16.9,14.2,27.1,2.2,2.1,16.1,22.3,2.8,2.2,5.1,0.147,1.9,1.4,3.3,2.2
704,540,Ivica Zubac,C,72,1609,257,394,0.652,1,4,0.25,256,390,0.656,0.654,135,171,0.789,189,330,519,90,24,62,81,187,650,19.1,0.693,0.01,0.434,13.6,22.4,18.1,7.9,0.7,3.4,14.7,15.1,4.8,2.1,6.9,0.206,0.6,0.4,1.0,1.2
